3123 2703 380 0 0.201201201201
3123 2378 380 0 0.44044044044
3123 3162 380 380 0.338338338338
3123 1695 380 0 0.993993993994
3123 612 380 0 0.600600600601
3123 4255 380 1171 0.892892892893
3123 4460 380 212 0.48048048048
3123 2450 380 0 0.813813813814
3123 1407 380 0 0.215215215215
3123 3259 380 0 0.867867867868
3123 2466 380 0 0.44044044044
3123 46 380 0 0.897897897898
3123 4021 380 262 0.544544544545
3123 2755 380 0 0.631631631632
3123 2648 380 871 0.822822822823
3123 4462 380 0 0.895895895896
3123 522 380 0 0.48048048048
3123 2765 380 0 0.954954954955
3123 1428 380 0 0.563563563564
3123 4464 380 0 0.764764764765
3123 994 380 24 0.560560560561
3123 3345 380 41 0.893893893894
3123 3351 380 61 0.590590590591
3123 3607 380 0 0.986986986987
3123 3370 380 0 0.814814814815
3123 1447 380 0 0.892892892893
3123 4275 380 0 0.168168168168
2703 3123 0 380 0.201201201201
2703 3162 0 380 0.272272272272
2703 1695 0 0 1.0
2703 3989 0 0 1.0
2703 4255 0 1171 0.416416416416
2703 2450 0 0 0.277277277277
2703 46 0 0 1.0
2703 2755 0 0 1.0
2703 4462 0 0 0.998998998999
2703 522 0 0 0.998998998999
2703 1428 0 0 0.177177177177
2703 4305 0 0 0.998998998999
2703 994 0 24 0.998998998999
2703 3345 0 41 1.0
2703 3351 0 61 1.0
2703 3370 0 0 0.998998998999
2703 1447 0 0 1.0
2703 4275 0 0 1.0
2703 4883 0 0 0.998998998999
2378 3123 0 380 0.44044044044
2378 3162 0 380 0.239239239239
2378 1695 0 0 0.977977977978
2378 612 0 0 0.224224224224
2378 4460 0 212 0.691691691692
2378 2450 0 0 0.308308308308
2378 1407 0 0 0.183183183183
2378 46 0 0 0.152152152152
2378 2648 0 871 0.424424424424
2378 4462 0 0 0.862862862863
2378 2765 0 0 0.232232232232
2378 1428 0 0 0.444444444444
2378 4464 0 0 0.624624624625
2378 3345 0 41 0.811811811812
2378 3351 0 61 0.259259259259
2378 3370 0 0 0.374374374374
2378 4883 0 0 0.232232232232
3162 3123 380 380 0.338338338338
3162 2703 380 0 0.272272272272
3162 2378 380 0 0.239239239239
3162 1695 380 0 0.958958958959
3162 612 380 0 0.48048048048
3162 4255 380 1171 0.544544544545
3162 4460 380 212 0.293293293293
3162 3259 380 0 0.598598598599
3162 2466 380 0 0.352352352352
3162 4021 380 262 0.544544544545
3162 2755 380 0 0.204204204204
3162 2648 380 871 0.622622622623
3162 4462 380 0 0.68968968969
3162 522 380 0 0.48048048048
3162 2765 380 0 0.544544544545
3162 1428 380 0 0.563563563564
3162 4464 380 0 0.544544544545
3162 994 380 24 0.544544544545
3162 3345 380 41 0.48048048048
3162 3607 380 0 0.567567567568
3162 3370 380 0 0.544544544545
3162 1447 380 0 0.686686686687
1695 3123 0 380 0.993993993994
1695 2703 0 0 1.0
1695 2378 0 0 0.977977977978
1695 3162 0 380 0.958958958959
1695 3989 0 0 1.0
1695 612 0 0 0.972972972973
1695 4255 0 1171 0.858858858859
1695 4460 0 212 0.972972972973
1695 2450 0 0 0.675675675676
1695 1407 0 0 0.643643643644
1695 3259 0 0 0.974974974975
1695 2466 0 0 0.971971971972
1695 46 0 0 1.0
1695 4021 0 262 0.787787787788
1695 2755 0 0 0.195195195195
1695 2648 0 871 0.983983983984
1695 4462 0 0 1.0
1695 522 0 0 1.0
1695 2765 0 0 0.956956956957
1695 1428 0 0 0.618618618619
1695 4464 0 0 0.988988988989
1695 4305 0 0 1.0
1695 994 0 24 0.895895895896
1695 3345 0 41 1.0
1695 3351 0 61 0.975975975976
1695 3607 0 0 0.851851851852
1695 3370 0 0 1.0
1695 1447 0 0 1.0
1695 4275 0 0 1.0
1695 4883 0 0 0.998998998999
3989 2703 0 0 1.0
3989 1695 0 0 1.0
3989 4460 0 212 0.294294294294
3989 3259 0 0 0.152152152152
3989 46 0 0 0.998998998999
3989 4462 0 0 1.0
3989 522 0 0 0.998998998999
3989 4305 0 0 0.998998998999
3989 3345 0 41 0.998998998999
3989 3370 0 0 0.998998998999
3989 1447 0 0 0.998998998999
3989 4275 0 0 0.754754754755
612 3123 0 380 0.600600600601
612 2378 0 0 0.224224224224
612 3162 0 380 0.48048048048
612 1695 0 0 0.972972972973
612 4255 0 1171 0.304304304304
612 4460 0 212 0.921921921922
612 46 0 0 0.604604604605
612 4021 0 262 0.798798798799
612 2648 0 871 0.885885885886
612 4462 0 0 0.588588588589
612 522 0 0 0.766766766767
612 2765 0 0 0.173173173173
612 1428 0 0 0.544544544545
612 4464 0 0 0.756756756757
612 4305 0 0 0.798798798799
612 994 0 24 0.860860860861
612 3345 0 41 0.61961961962
612 3370 0 0 0.854854854855
612 1447 0 0 0.881881881882
4255 3123 1171 380 0.892892892893
4255 2703 1171 0 0.416416416416
4255 3162 1171 380 0.544544544545
4255 1695 1171 0 0.858858858859
4255 612 1171 0 0.304304304304
4255 2450 1171 0 0.638638638639
4255 1407 1171 0 0.28028028028
4255 3259 1171 0 0.183183183183
4255 46 1171 0 0.718718718719
4255 4021 1171 262 0.316316316316
4255 2755 1171 0 0.203203203203
4255 2648 1171 871 0.544544544545
4255 4462 1171 0 0.914914914915
4255 2765 1171 0 0.772772772773
4255 4464 1171 0 0.229229229229
4255 994 1171 24 0.810810810811
4255 3345 1171 41 0.570570570571
4255 3351 1171 61 0.357357357357
4255 3607 1171 0 0.517517517518
4255 1447 1171 0 0.278278278278
4460 3123 212 380 0.48048048048
4460 2378 212 0 0.691691691692
4460 3162 212 380 0.293293293293
4460 1695 212 0 0.972972972973
4460 3989 212 0 0.294294294294
4460 612 212 0 0.921921921922
4460 1407 212 0 0.207207207207
4460 3259 212 0 0.754754754755
4460 2466 212 0 0.616616616617
4460 46 212 0 0.179179179179
4460 4021 212 262 0.758758758759
4460 2648 212 871 0.800800800801
4460 4462 212 0 0.823823823824
4460 522 212 0 0.616616616617
4460 2765 212 0 0.714714714715
4460 4464 212 0 0.464464464464
4460 4305 212 0 0.798798798799
4460 994 212 24 0.24024024024
4460 3345 212 41 0.811811811812
4460 3351 212 61 0.387387387387
4460 3607 212 0 0.431431431431
4460 3370 212 0 0.884884884885
4460 1447 212 0 0.754754754755
2450 3123 0 380 0.813813813814
2450 2703 0 0 0.277277277277
2450 2378 0 0 0.308308308308
2450 1695 0 0 0.675675675676
2450 4255 0 1171 0.638638638639
2450 1407 0 0 0.874874874875
2450 2466 0 0 0.156156156156
2450 46 0 0 1.0
2450 2755 0 0 0.54954954955
2450 2765 0 0 0.221221221221
2450 994 0 24 0.271271271271
2450 3345 0 41 0.528528528529
2450 3607 0 0 0.512512512513
2450 3370 0 0 0.821821821822
2450 1447 0 0 0.189189189189
1407 3123 0 380 0.215215215215
1407 2378 0 0 0.183183183183
1407 1695 0 0 0.643643643644
1407 4255 0 1171 0.28028028028
1407 4460 0 212 0.207207207207
1407 2450 0 0 0.874874874875
1407 2466 0 0 0.501501501502
1407 46 0 0 0.996996996997
1407 2755 0 0 0.361361361361
1407 2648 0 871 0.303303303303
1407 4462 0 0 0.84984984985
1407 2765 0 0 0.2002002002
1407 1428 0 0 0.202202202202
1407 4464 0 0 0.21021021021
1407 994 0 24 0.328328328328
1407 3345 0 41 0.754754754755
1407 3351 0 61 0.873873873874
1407 3607 0 0 0.223223223223
1407 3370 0 0 0.152152152152
3259 3123 0 380 0.867867867868
3259 3162 0 380 0.598598598599
3259 1695 0 0 0.974974974975
3259 3989 0 0 0.152152152152
3259 4255 0 1171 0.183183183183
3259 4460 0 212 0.754754754755
3259 2466 0 0 0.417417417417
3259 2648 0 871 0.353353353353
3259 4462 0 0 0.846846846847
3259 522 0 0 0.600600600601
3259 1428 0 0 0.353353353353
3259 4464 0 0 0.303303303303
3259 4305 0 0 0.359359359359
3259 3345 0 41 0.774774774775
3259 3607 0 0 0.304304304304
3259 3370 0 0 0.834834834835
3259 1447 0 0 0.376376376376
2466 3123 0 380 0.44044044044
2466 3162 0 380 0.352352352352
2466 1695 0 0 0.971971971972
2466 4460 0 212 0.616616616617
2466 2450 0 0 0.156156156156
2466 1407 0 0 0.501501501502
2466 3259 0 0 0.417417417417
2466 46 0 0 0.232232232232
2466 4021 0 262 0.184184184184
2466 2648 0 871 0.232232232232
2466 4462 0 0 0.499499499499
2466 522 0 0 0.245245245245
2466 2765 0 0 0.655655655656
2466 4464 0 0 0.415415415415
2466 3345 0 41 0.232232232232
2466 3351 0 61 0.304304304304
2466 3607 0 0 0.544544544545
2466 3370 0 0 0.232232232232
46 3123 0 380 0.897897897898
46 2703 0 0 1.0
46 2378 0 0 0.152152152152
46 1695 0 0 1.0
46 3989 0 0 0.998998998999
46 612 0 0 0.604604604605
46 4255 0 1171 0.718718718719
46 4460 0 212 0.179179179179
46 2450 0 0 1.0
46 1407 0 0 0.996996996997
46 2466 0 0 0.232232232232
46 4021 0 262 0.168168168168
46 2648 0 871 0.29029029029
46 4462 0 0 0.862862862863
46 522 0 0 0.219219219219
46 2765 0 0 0.52952952953
46 4464 0 0 0.303303303303
46 4305 0 0 0.517517517518
46 994 0 24 0.800800800801
46 3345 0 41 0.752752752753
46 3351 0 61 0.595595595596
46 3607 0 0 0.750750750751
46 3370 0 0 0.242242242242
46 1447 0 0 0.288288288288
4021 3123 262 380 0.544544544545
4021 3162 262 380 0.544544544545
4021 1695 262 0 0.787787787788
4021 612 262 0 0.798798798799
4021 4255 262 1171 0.316316316316
4021 4460 262 212 0.758758758759
4021 2466 262 0 0.184184184184
4021 46 262 0 0.168168168168
4021 2648 262 871 0.754754754755
4021 522 262 0 0.454454454454
4021 4305 262 0 0.754754754755
4021 994 262 24 0.56956956957
4021 3345 262 41 0.172172172172
4021 3607 262 0 0.207207207207
4021 3370 262 0 0.51951951952
4021 1447 262 0 0.750750750751
4021 4275 262 0 0.174174174174
2755 3123 0 380 0.631631631632
2755 2703 0 0 1.0
2755 3162 0 380 0.204204204204
2755 1695 0 0 0.195195195195
2755 4255 0 1171 0.203203203203
2755 2450 0 0 0.54954954955
2755 1407 0 0 0.361361361361
2755 522 0 0 0.352352352352
2755 4464 0 0 0.304304304304
2755 994 0 24 0.206206206206
2755 3607 0 0 0.522522522523
2648 3123 871 380 0.822822822823
2648 2378 871 0 0.424424424424
2648 3162 871 380 0.622622622623
2648 1695 871 0 0.983983983984
2648 612 871 0 0.885885885886
2648 4255 871 1171 0.544544544545
2648 4460 871 212 0.800800800801
2648 1407 871 0 0.303303303303
2648 3259 871 0 0.353353353353
2648 2466 871 0 0.232232232232
2648 46 871 0 0.29029029029
2648 4021 871 262 0.754754754755
2648 4462 871 0 0.810810810811
2648 522 871 0 0.467467467467
2648 2765 871 0 0.169169169169
2648 1428 871 0 0.353353353353
2648 4464 871 0 0.404404404404
2648 4305 871 0 0.7997997998
2648 994 871 24 0.425425425425
2648 3345 871 41 0.908908908909
2648 3370 871 0 0.768768768769
2648 1447 871 0 0.880880880881
2648 4883 871 0 0.54954954955
4462 3123 0 380 0.895895895896
4462 2703 0 0 0.998998998999
4462 2378 0 0 0.862862862863
4462 3162 0 380 0.68968968969
4462 1695 0 0 1.0
4462 3989 0 0 1.0
4462 612 0 0 0.588588588589
4462 4255 0 1171 0.914914914915
4462 4460 0 212 0.823823823824
4462 1407 0 0 0.84984984985
4462 3259 0 0 0.846846846847
4462 2466 0 0 0.499499499499
4462 46 0 0 0.862862862863
4462 2648 0 871 0.810810810811
4462 2765 0 0 0.882882882883
4462 1428 0 0 0.184184184184
4462 4464 0 0 0.888888888889
4462 994 0 24 0.356356356356
4462 3345 0 41 0.91991991992
4462 3351 0 61 0.43043043043
4462 3607 0 0 0.44044044044
4462 3370 0 0 0.851851851852
4462 1447 0 0 0.93993993994
4462 4275 0 0 0.16016016016
4462 4883 0 0 0.768768768769
522 3123 0 380 0.48048048048
522 2703 0 0 0.998998998999
522 3162 0 380 0.48048048048
522 1695 0 0 1.0
522 3989 0 0 0.998998998999
522 612 0 0 0.766766766767
522 4460 0 212 0.616616616617
522 3259 0 0 0.600600600601
522 2466 0 0 0.245245245245
522 46 0 0 0.219219219219
522 4021 0 262 0.454454454454
522 2755 0 0 0.352352352352
522 2648 0 871 0.467467467467
522 4305 0 0 0.83983983984
522 994 0 24 0.338338338338
522 3345 0 41 0.24024024024
522 3351 0 61 0.358358358358
522 3370 0 0 0.224224224224
522 1447 0 0 0.4004004004
522 4275 0 0 0.998998998999
2765 3123 0 380 0.954954954955
2765 2378 0 0 0.232232232232
2765 3162 0 380 0.544544544545
2765 1695 0 0 0.956956956957
2765 612 0 0 0.173173173173
2765 4255 0 1171 0.772772772773
2765 4460 0 212 0.714714714715
2765 2450 0 0 0.221221221221
2765 1407 0 0 0.2002002002
2765 2466 0 0 0.655655655656
2765 46 0 0 0.52952952953
2765 2648 0 871 0.169169169169
2765 4462 0 0 0.882882882883
2765 1428 0 0 0.169169169169
2765 4464 0 0 0.631631631632
2765 994 0 24 0.269269269269
2765 3345 0 41 0.238238238238
2765 3351 0 61 0.466466466466
2765 3607 0 0 0.996996996997
2765 3370 0 0 0.670670670671
2765 1447 0 0 0.901901901902
2765 4275 0 0 0.21021021021
1428 3123 0 380 0.563563563564
1428 2703 0 0 0.177177177177
1428 2378 0 0 0.444444444444
1428 3162 0 380 0.563563563564
1428 1695 0 0 0.618618618619
1428 612 0 0 0.544544544545
1428 1407 0 0 0.202202202202
1428 3259 0 0 0.353353353353
1428 2648 0 871 0.353353353353
1428 4462 0 0 0.184184184184
1428 2765 0 0 0.169169169169
1428 4305 0 0 0.24024024024
1428 1447 0 0 0.386386386386
4464 3123 0 380 0.764764764765
4464 2378 0 0 0.624624624625
4464 3162 0 380 0.544544544545
4464 1695 0 0 0.988988988989
4464 612 0 0 0.756756756757
4464 4255 0 1171 0.229229229229
4464 4460 0 212 0.464464464464
4464 1407 0 0 0.21021021021
4464 3259 0 0 0.303303303303
4464 2466 0 0 0.415415415415
4464 46 0 0 0.303303303303
4464 2755 0 0 0.304304304304
4464 2648 0 871 0.404404404404
4464 4462 0 0 0.888888888889
4464 2765 0 0 0.631631631632
4464 4305 0 0 0.184184184184
4464 994 0 24 0.608608608609
4464 3345 0 41 0.855855855856
4464 3351 0 61 0.224224224224
4464 3607 0 0 0.239239239239
4464 3370 0 0 0.708708708709
4464 1447 0 0 0.691691691692
4305 2703 0 0 0.998998998999
4305 1695 0 0 1.0
4305 3989 0 0 0.998998998999
4305 612 0 0 0.798798798799
4305 4460 0 212 0.798798798799
4305 3259 0 0 0.359359359359
4305 46 0 0 0.517517517518
4305 4021 0 262 0.754754754755
4305 2648 0 871 0.7997997998
4305 522 0 0 0.83983983984
4305 1428 0 0 0.24024024024
4305 4464 0 0 0.184184184184
4305 3345 0 41 0.176176176176
4305 3370 0 0 0.615615615616
4305 1447 0 0 0.904904904905
4305 4275 0 0 0.998998998999
994 3123 24 380 0.560560560561
994 2703 24 0 0.998998998999
994 3162 24 380 0.544544544545
994 1695 24 0 0.895895895896
994 612 24 0 0.860860860861
994 4255 24 1171 0.810810810811
994 4460 24 212 0.24024024024
994 2450 24 0 0.271271271271
994 1407 24 0 0.328328328328
994 46 24 0 0.800800800801
994 4021 24 262 0.56956956957
994 2755 24 0 0.206206206206
994 2648 24 871 0.425425425425
994 4462 24 0 0.356356356356
994 522 24 0 0.338338338338
994 2765 24 0 0.269269269269
994 4464 24 0 0.608608608609
994 3345 24 41 0.361361361361
994 3351 24 61 0.225225225225
994 3607 24 0 0.158158158158
994 3370 24 0 0.184184184184
994 1447 24 0 0.485485485485
3345 3123 41 380 0.893893893894
3345 2703 41 0 1.0
3345 2378 41 0 0.811811811812
3345 3162 41 380 0.48048048048
3345 1695 41 0 1.0
3345 3989 41 0 0.998998998999
3345 612 41 0 0.61961961962
3345 4255 41 1171 0.570570570571
3345 4460 41 212 0.811811811812
3345 2450 41 0 0.528528528529
3345 1407 41 0 0.754754754755
3345 3259 41 0 0.774774774775
3345 2466 41 0 0.232232232232
3345 46 41 0 0.752752752753
3345 4021 41 262 0.172172172172
3345 2648 41 871 0.908908908909
3345 4462 41 0 0.91991991992
3345 522 41 0 0.24024024024
3345 2765 41 0 0.238238238238
3345 4464 41 0 0.855855855856
3345 4305 41 0 0.176176176176
3345 994 41 24 0.361361361361
3345 3351 41 61 0.837837837838
3345 3607 41 0 0.643643643644
3345 3370 41 0 0.920920920921
3345 1447 41 0 0.905905905906
3345 4275 41 0 0.998998998999
3351 3123 61 380 0.590590590591
3351 2703 61 0 1.0
3351 2378 61 0 0.259259259259
3351 1695 61 0 0.975975975976
3351 4255 61 1171 0.357357357357
3351 4460 61 212 0.387387387387
3351 1407 61 0 0.873873873874
3351 2466 61 0 0.304304304304
3351 46 61 0 0.595595595596
3351 4462 61 0 0.43043043043
3351 522 61 0 0.358358358358
3351 2765 61 0 0.466466466466
3351 4464 61 0 0.224224224224
3351 994 61 24 0.225225225225
3351 3345 61 41 0.837837837838
3351 3607 61 0 0.517517517518
3351 1447 61 0 0.303303303303
3607 3123 0 380 0.986986986987
3607 3162 0 380 0.567567567568
3607 1695 0 0 0.851851851852
3607 4255 0 1171 0.517517517518
3607 4460 0 212 0.431431431431
3607 2450 0 0 0.512512512513
3607 1407 0 0 0.223223223223
3607 3259 0 0 0.304304304304
3607 2466 0 0 0.544544544545
3607 46 0 0 0.750750750751
3607 4021 0 262 0.207207207207
3607 2755 0 0 0.522522522523
3607 4462 0 0 0.44044044044
3607 2765 0 0 0.996996996997
3607 4464 0 0 0.239239239239
3607 994 0 24 0.158158158158
3607 3345 0 41 0.643643643644
3607 3351 0 61 0.517517517518
3607 3370 0 0 0.554554554555
3607 1447 0 0 0.466466466466
3607 4275 0 0 0.232232232232
3370 3123 0 380 0.814814814815
3370 2703 0 0 0.998998998999
3370 2378 0 0 0.374374374374
3370 3162 0 380 0.544544544545
3370 1695 0 0 1.0
3370 3989 0 0 0.998998998999
3370 612 0 0 0.854854854855
3370 4460 0 212 0.884884884885
3370 2450 0 0 0.821821821822
3370 1407 0 0 0.152152152152
3370 3259 0 0 0.834834834835
3370 2466 0 0 0.232232232232
3370 46 0 0 0.242242242242
3370 4021 0 262 0.51951951952
3370 2648 0 871 0.768768768769
3370 4462 0 0 0.851851851852
3370 522 0 0 0.224224224224
3370 2765 0 0 0.670670670671
3370 4464 0 0 0.708708708709
3370 4305 0 0 0.615615615616
3370 994 0 24 0.184184184184
3370 3345 0 41 0.920920920921
3370 3607 0 0 0.554554554555
3370 1447 0 0 0.768768768769
1447 3123 0 380 0.892892892893
1447 2703 0 0 1.0
1447 3162 0 380 0.686686686687
1447 1695 0 0 1.0
1447 3989 0 0 0.998998998999
1447 612 0 0 0.881881881882
1447 4255 0 1171 0.278278278278
1447 4460 0 212 0.754754754755
1447 2450 0 0 0.189189189189
1447 3259 0 0 0.376376376376
1447 46 0 0 0.288288288288
1447 4021 0 262 0.750750750751
1447 2648 0 871 0.880880880881
1447 4462 0 0 0.93993993994
1447 522 0 0 0.4004004004
1447 2765 0 0 0.901901901902
1447 1428 0 0 0.386386386386
1447 4464 0 0 0.691691691692
1447 4305 0 0 0.904904904905
1447 994 0 24 0.485485485485
1447 3345 0 41 0.905905905906
1447 3351 0 61 0.303303303303
1447 3607 0 0 0.466466466466
1447 3370 0 0 0.768768768769
1447 4275 0 0 0.998998998999
4275 3123 0 380 0.168168168168
4275 2703 0 0 1.0
4275 1695 0 0 1.0
4275 3989 0 0 0.754754754755
4275 4021 0 262 0.174174174174
4275 4462 0 0 0.16016016016
4275 522 0 0 0.998998998999
4275 2765 0 0 0.21021021021
4275 4305 0 0 0.998998998999
4275 3345 0 41 0.998998998999
4275 3607 0 0 0.232232232232
4275 1447 0 0 0.998998998999
4883 2703 0 0 0.998998998999
4883 2378 0 0 0.232232232232
4883 1695 0 0 0.998998998999
4883 2648 0 871 0.54954954955
4883 4462 0 0 0.768768768769
