2997 4902 0 555 0.726726726727
2997 123 0 0 0.860860860861
2997 4836 0 254 0.8998998999
2997 627 0 254 0.8998998999
2997 2954 0 555 0.727727727728
2997 1983 0 0 0.833833833834
2997 60 0 0 0.720720720721
2997 3716 0 0 0.45045045045
2997 4281 0 555 0.848848848849
2997 2669 0 580 0.720720720721
2997 4505 0 0 0.727727727728
2997 3082 0 254 0.855855855856
2997 1292 0 0 0.226226226226
2997 3663 0 555 0.945945945946
2997 1776 0 0 0.778778778779
2997 2985 0 906 0.720720720721
2997 1361 0 555 0.926926926927
4902 2997 555 0 0.726726726727
4902 123 555 0 0.907907907908
4902 4836 555 254 0.982982982983
4902 627 555 254 0.850850850851
4902 2954 555 555 0.720720720721
4902 1983 555 0 0.471471471471
4902 60 555 0 0.720720720721
4902 3716 555 0 0.502502502503
4902 4281 555 555 0.758758758759
4902 2669 555 580 0.720720720721
4902 4505 555 0 0.981981981982
4902 3082 555 254 0.761761761762
4902 1292 555 0 0.332332332332
4902 3663 555 555 0.885885885886
4902 1776 555 0 0.733733733734
4902 2985 555 906 0.844844844845
4902 1361 555 555 0.782782782783
123 2997 0 0 0.860860860861
123 4902 0 555 0.907907907908
123 4836 0 254 0.877877877878
123 627 0 254 0.905905905906
123 2954 0 555 0.908908908909
123 1983 0 0 0.810810810811
123 60 0 0 0.720720720721
123 3716 0 0 0.831831831832
123 4281 0 555 0.960960960961
123 2669 0 580 0.722722722723
123 4505 0 0 0.754754754755
123 3082 0 254 0.976976976977
123 1292 0 0 0.694694694695
123 3663 0 555 0.938938938939
123 1776 0 0 0.998998998999
123 2985 0 906 0.822822822823
123 1361 0 555 0.945945945946
4836 2997 254 0 0.8998998999
4836 4902 254 555 0.982982982983
4836 123 254 0 0.877877877878
4836 627 254 254 0.904904904905
4836 2954 254 555 0.761761761762
4836 1983 254 0 0.36036036036
4836 60 254 0 0.720720720721
4836 3716 254 0 0.666666666667
4836 4281 254 555 0.863863863864
4836 2669 254 580 0.720720720721
4836 4505 254 0 0.920920920921
4836 3082 254 254 0.722722722723
4836 3663 254 555 0.951951951952
4836 1776 254 0 0.772772772773
4836 2985 254 906 0.720720720721
4836 1361 254 555 0.955955955956
627 2997 254 0 0.8998998999
627 4902 254 555 0.850850850851
627 123 254 0 0.905905905906
627 4836 254 254 0.904904904905
627 2954 254 555 0.761761761762
627 1983 254 0 0.36036036036
627 60 254 0 0.720720720721
627 3716 254 0 0.748748748749
627 4281 254 555 0.906906906907
627 2669 254 580 0.720720720721
627 4505 254 0 0.726726726727
627 3082 254 254 0.743743743744
627 3663 254 555 0.982982982983
627 1776 254 0 0.865865865866
627 2985 254 906 0.720720720721
627 1361 254 555 0.984984984985
2954 2997 555 0 0.727727727728
2954 4902 555 555 0.720720720721
2954 123 555 0 0.908908908909
2954 4836 555 254 0.761761761762
2954 627 555 254 0.761761761762
2954 1983 555 0 0.36036036036
2954 60 555 0 0.720720720721
2954 3716 555 0 0.389389389389
2954 4281 555 555 0.743743743744
2954 2669 555 580 0.743743743744
2954 4505 555 0 0.720720720721
2954 3082 555 254 0.761761761762
2954 1292 555 0 0.291291291291
2954 3663 555 555 0.731731731732
2954 1776 555 0 0.720720720721
2954 2985 555 906 0.987987987988
2954 1361 555 555 0.722722722723
1983 2997 0 0 0.833833833834
1983 4902 0 555 0.471471471471
1983 123 0 0 0.810810810811
1983 4836 0 254 0.36036036036
1983 627 0 254 0.36036036036
1983 2954 0 555 0.36036036036
1983 60 0 0 0.36036036036
1983 3716 0 0 0.48048048048
1983 4281 0 555 0.416416416416
1983 2669 0 580 0.36036036036
1983 4505 0 0 0.361361361361
1983 3082 0 254 0.36036036036
1983 1292 0 0 0.801801801802
1983 3663 0 555 0.435435435435
1983 1776 0 0 0.567567567568
1983 2985 0 906 0.36036036036
1983 1361 0 555 0.424424424424
60 2997 0 0 0.720720720721
60 4902 0 555 0.720720720721
60 123 0 0 0.720720720721
60 4836 0 254 0.720720720721
60 627 0 254 0.720720720721
60 2954 0 555 0.720720720721
60 1983 0 0 0.36036036036
60 3716 0 0 0.477477477477
60 4281 0 555 0.720720720721
60 2669 0 580 0.720720720721
60 4505 0 0 0.720720720721
60 3082 0 254 0.720720720721
60 3663 0 555 0.720720720721
60 1776 0 0 0.720720720721
60 2985 0 906 0.720720720721
60 1361 0 555 0.720720720721
3716 2997 0 0 0.45045045045
3716 4902 0 555 0.502502502503
3716 123 0 0 0.831831831832
3716 4836 0 254 0.666666666667
3716 627 0 254 0.748748748749
3716 2954 0 555 0.389389389389
3716 1983 0 0 0.48048048048
3716 60 0 0 0.477477477477
3716 4281 0 555 0.544544544545
3716 2669 0 580 0.418418418418
3716 4505 0 0 0.426426426426
3716 3082 0 254 0.653653653654
3716 1292 0 0 0.256256256256
3716 3663 0 555 0.732732732733
3716 1776 0 0 0.82982982983
3716 2985 0 906 0.36036036036
3716 1361 0 555 0.388388388388
4281 2997 555 0 0.848848848849
4281 4902 555 555 0.758758758759
4281 123 555 0 0.960960960961
4281 4836 555 254 0.863863863864
4281 627 555 254 0.906906906907
4281 2954 555 555 0.743743743744
4281 1983 555 0 0.416416416416
4281 60 555 0 0.720720720721
4281 3716 555 0 0.544544544545
4281 2669 555 580 0.72972972973
4281 4505 555 0 0.748748748749
4281 3082 555 254 0.973973973974
4281 1292 555 0 0.747747747748
4281 3663 555 555 0.863863863864
4281 1776 555 0 0.926926926927
4281 2985 555 906 0.884884884885
4281 1361 555 555 0.936936936937
2669 2997 580 0 0.720720720721
2669 4902 580 555 0.720720720721
2669 123 580 0 0.722722722723
2669 4836 580 254 0.720720720721
2669 627 580 254 0.720720720721
2669 2954 580 555 0.743743743744
2669 1983 580 0 0.36036036036
2669 60 580 0 0.720720720721
2669 3716 580 0 0.418418418418
2669 4281 580 555 0.72972972973
2669 4505 580 0 0.720720720721
2669 3082 580 254 0.720720720721
2669 3663 580 555 0.72972972973
2669 1776 580 0 0.720720720721
2669 2985 580 906 0.806806806807
2669 1361 580 555 0.720720720721
4505 2997 0 0 0.727727727728
4505 4902 0 555 0.981981981982
4505 123 0 0 0.754754754755
4505 4836 0 254 0.920920920921
4505 627 0 254 0.726726726727
4505 2954 0 555 0.720720720721
4505 1983 0 0 0.361361361361
4505 60 0 0 0.720720720721
4505 3716 0 0 0.426426426426
4505 4281 0 555 0.748748748749
4505 2669 0 580 0.720720720721
4505 3082 0 254 0.748748748749
4505 3663 0 555 0.76976976977
4505 1776 0 0 0.720720720721
4505 2985 0 906 0.865865865866
4505 1361 0 555 0.773773773774
3082 2997 254 0 0.855855855856
3082 4902 254 555 0.761761761762
3082 123 254 0 0.976976976977
3082 4836 254 254 0.722722722723
3082 627 254 254 0.743743743744
3082 2954 254 555 0.761761761762
3082 1983 254 0 0.36036036036
3082 60 254 0 0.720720720721
3082 3716 254 0 0.653653653654
3082 4281 254 555 0.973973973974
3082 2669 254 580 0.720720720721
3082 4505 254 0 0.748748748749
3082 1292 254 0 0.713713713714
3082 3663 254 555 0.927927927928
3082 1776 254 0 0.8998998999
3082 2985 254 906 0.741741741742
3082 1361 254 555 0.774774774775
1292 2997 0 0 0.226226226226
1292 4902 0 555 0.332332332332
1292 123 0 0 0.694694694695
1292 2954 0 555 0.291291291291
1292 1983 0 0 0.801801801802
1292 3716 0 0 0.256256256256
1292 4281 0 555 0.747747747748
1292 3082 0 254 0.713713713714
1292 3663 0 555 0.747747747748
1292 1776 0 0 0.257257257257
1292 1361 0 555 0.418418418418
3663 2997 555 0 0.945945945946
3663 4902 555 555 0.885885885886
3663 123 555 0 0.938938938939
3663 4836 555 254 0.951951951952
3663 627 555 254 0.982982982983
3663 2954 555 555 0.731731731732
3663 1983 555 0 0.435435435435
3663 60 555 0 0.720720720721
3663 3716 555 0 0.732732732733
3663 4281 555 555 0.863863863864
3663 2669 555 580 0.72972972973
3663 4505 555 0 0.76976976977
3663 3082 555 254 0.927927927928
3663 1292 555 0 0.747747747748
3663 1776 555 0 0.906906906907
3663 2985 555 906 0.884884884885
3663 1361 555 555 0.992992992993
1776 2997 0 0 0.778778778779
1776 4902 0 555 0.733733733734
1776 123 0 0 0.998998998999
1776 4836 0 254 0.772772772773
1776 627 0 254 0.865865865866
1776 2954 0 555 0.720720720721
1776 1983 0 0 0.567567567568
1776 60 0 0 0.720720720721
1776 3716 0 0 0.82982982983
1776 4281 0 555 0.926926926927
1776 2669 0 580 0.720720720721
1776 4505 0 0 0.720720720721
1776 3082 0 254 0.8998998999
1776 1292 0 0 0.257257257257
1776 3663 0 555 0.906906906907
1776 2985 0 906 0.720720720721
1776 1361 0 555 0.780780780781
2985 2997 906 0 0.720720720721
2985 4902 906 555 0.844844844845
2985 123 906 0 0.822822822823
2985 4836 906 254 0.720720720721
2985 627 906 254 0.720720720721
2985 2954 906 555 0.987987987988
2985 1983 906 0 0.36036036036
2985 60 906 0 0.720720720721
2985 3716 906 0 0.36036036036
2985 4281 906 555 0.884884884885
2985 2669 906 580 0.806806806807
2985 4505 906 0 0.865865865866
2985 3082 906 254 0.741741741742
2985 3663 906 555 0.884884884885
2985 1776 906 0 0.720720720721
2985 1361 906 555 0.844844844845
1361 2997 555 0 0.926926926927
1361 4902 555 555 0.782782782783
1361 123 555 0 0.945945945946
1361 4836 555 254 0.955955955956
1361 627 555 254 0.984984984985
1361 2954 555 555 0.722722722723
1361 1983 555 0 0.424424424424
1361 60 555 0 0.720720720721
1361 3716 555 0 0.388388388388
1361 4281 555 555 0.936936936937
1361 2669 555 580 0.720720720721
1361 4505 555 0 0.773773773774
1361 3082 555 254 0.774774774775
1361 1292 555 0 0.418418418418
1361 3663 555 555 0.992992992993
1361 1776 555 0 0.780780780781
1361 2985 555 906 0.844844844845
