4683 4706 0 0 0.86986986987
4683 2127 0 762 0.720720720721
4683 2138 0 762 0.720720720721
4683 337 0 135 0.720720720721
4683 2145 0 775 0.878878878879
4683 1211 0 0 0.720720720721
4683 4525 0 0 0.720720720721
4683 4758 0 0 0.720720720721
4683 1227 0 487 0.720720720721
4683 3902 0 0 0.783783783784
4683 1753 0 0 0.751751751752
4683 4245 0 1168 0.720720720721
4683 1327 0 539 0.887887887888
4683 4375 0 0 0.720720720721
4683 2192 0 762 0.540540540541
4706 4683 0 0 0.86986986987
4706 2127 0 762 0.720720720721
4706 2138 0 762 0.743743743744
4706 337 0 135 0.720720720721
4706 2145 0 775 0.925925925926
4706 1211 0 0 0.720720720721
4706 4525 0 0 0.980980980981
4706 4758 0 0 0.720720720721
4706 1227 0 487 0.720720720721
4706 3902 0 0 0.832832832833
4706 1753 0 0 0.781781781782
4706 4245 0 1168 0.744744744745
4706 1327 0 539 0.967967967968
4706 4375 0 0 0.747747747748
4706 2192 0 762 0.920920920921
2127 4683 762 0 0.720720720721
2127 4706 762 0 0.720720720721
2127 2138 762 762 0.986986986987
2127 337 762 135 0.945945945946
2127 2145 762 775 0.955955955956
2127 1211 762 0 0.720720720721
2127 4525 762 0 0.720720720721
2127 4758 762 0 0.720720720721
2127 1227 762 487 0.93993993994
2127 3902 762 0 0.734734734735
2127 1753 762 0 0.806806806807
2127 4245 762 1168 0.992992992993
2127 1327 762 539 0.94994994995
2127 4375 762 0 0.720720720721
2127 2192 762 762 0.586586586587
2138 4683 762 0 0.720720720721
2138 4706 762 0 0.743743743744
2138 2127 762 762 0.986986986987
2138 337 762 135 0.942942942943
2138 2145 762 775 0.947947947948
2138 1211 762 0 0.720720720721
2138 4525 762 0 0.720720720721
2138 4758 762 0 0.720720720721
2138 1227 762 487 0.93993993994
2138 3902 762 0 0.771771771772
2138 1753 762 0 0.771771771772
2138 4245 762 1168 0.983983983984
2138 1327 762 539 0.968968968969
2138 4375 762 0 0.720720720721
2138 2192 762 762 0.566566566567
337 4683 135 0 0.720720720721
337 4706 135 0 0.720720720721
337 2127 135 762 0.945945945946
337 2138 135 762 0.942942942943
337 2145 135 775 0.747747747748
337 1211 135 0 0.720720720721
337 4525 135 0 0.720720720721
337 4758 135 0 0.720720720721
337 1227 135 487 0.720720720721
337 3902 135 0 0.753753753754
337 1753 135 0 0.720720720721
337 4245 135 1168 0.971971971972
337 1327 135 539 0.720720720721
337 4375 135 0 0.720720720721
337 2192 135 762 0.556556556557
2145 4683 775 0 0.878878878879
2145 4706 775 0 0.925925925926
2145 2127 775 762 0.955955955956
2145 2138 775 762 0.947947947948
2145 337 775 135 0.747747747748
2145 1211 775 0 0.998998998999
2145 4525 775 0 0.983983983984
2145 4758 775 0 0.720720720721
2145 1227 775 487 0.998998998999
2145 3902 775 0 0.720720720721
2145 1753 775 0 0.993993993994
2145 4245 775 1168 0.756756756757
2145 1327 775 539 0.998998998999
2145 4375 775 0 0.720720720721
2145 2192 775 762 0.987987987988
1211 4683 0 0 0.720720720721
1211 4706 0 0 0.720720720721
1211 2127 0 762 0.720720720721
1211 2138 0 762 0.720720720721
1211 337 0 135 0.720720720721
1211 2145 0 775 0.998998998999
1211 4525 0 0 0.996996996997
1211 4758 0 0 0.720720720721
1211 1227 0 487 1.0
1211 3902 0 0 0.720720720721
1211 1753 0 0 0.995995995996
1211 4245 0 1168 0.720720720721
1211 1327 0 539 0.996996996997
1211 4375 0 0 0.780780780781
1211 2192 0 762 0.976976976977
4525 4683 0 0 0.720720720721
4525 4706 0 0 0.980980980981
4525 2127 0 762 0.720720720721
4525 2138 0 762 0.720720720721
4525 337 0 135 0.720720720721
4525 2145 0 775 0.983983983984
4525 1211 0 0 0.996996996997
4525 4758 0 0 0.720720720721
4525 1227 0 487 0.948948948949
4525 3902 0 0 0.720720720721
4525 1753 0 0 0.818818818819
4525 4245 0 1168 0.720720720721
4525 1327 0 539 0.927927927928
4525 4375 0 0 0.744744744745
4525 2192 0 762 0.878878878879
4758 4683 0 0 0.720720720721
4758 4706 0 0 0.720720720721
4758 2127 0 762 0.720720720721
4758 2138 0 762 0.720720720721
4758 337 0 135 0.720720720721
4758 2145 0 775 0.720720720721
4758 1211 0 0 0.720720720721
4758 4525 0 0 0.720720720721
4758 1227 0 487 0.720720720721
4758 3902 0 0 0.720720720721
4758 1753 0 0 0.720720720721
4758 4245 0 1168 0.720720720721
4758 1327 0 539 0.720720720721
4758 4375 0 0 0.720720720721
4758 2192 0 762 0.540540540541
1227 4683 487 0 0.720720720721
1227 4706 487 0 0.720720720721
1227 2127 487 762 0.93993993994
1227 2138 487 762 0.93993993994
1227 337 487 135 0.720720720721
1227 2145 487 775 0.998998998999
1227 1211 487 0 1.0
1227 4525 487 0 0.948948948949
1227 4758 487 0 0.720720720721
1227 3902 487 0 0.720720720721
1227 1753 487 0 0.992992992993
1227 4245 487 1168 0.731731731732
1227 1327 487 539 0.998998998999
1227 4375 487 0 0.783783783784
1227 2192 487 762 0.98998998999
4029 3902 0 0 0.227227227227
4029 1327 0 539 0.492492492492
3902 4683 0 0 0.783783783784
3902 4706 0 0 0.832832832833
3902 2127 0 762 0.734734734735
3902 2138 0 762 0.771771771772
3902 337 0 135 0.753753753754
3902 2145 0 775 0.720720720721
3902 1211 0 0 0.720720720721
3902 4525 0 0 0.720720720721
3902 4758 0 0 0.720720720721
3902 1227 0 487 0.720720720721
3902 4029 0 0 0.227227227227
3902 1753 0 0 0.720720720721
3902 4245 0 1168 0.720720720721
3902 1327 0 539 0.992992992993
3902 4375 0 0 0.780780780781
3902 2192 0 762 0.540540540541
1753 4683 0 0 0.751751751752
1753 4706 0 0 0.781781781782
1753 2127 0 762 0.806806806807
1753 2138 0 762 0.771771771772
1753 337 0 135 0.720720720721
1753 2145 0 775 0.993993993994
1753 1211 0 0 0.995995995996
1753 4525 0 0 0.818818818819
1753 4758 0 0 0.720720720721
1753 1227 0 487 0.992992992993
1753 3902 0 0 0.720720720721
1753 4245 0 1168 0.748748748749
1753 1327 0 539 0.992992992993
1753 4375 0 0 0.720720720721
1753 2192 0 762 0.864864864865
4245 4683 1168 0 0.720720720721
4245 4706 1168 0 0.744744744745
4245 2127 1168 762 0.992992992993
4245 2138 1168 762 0.983983983984
4245 337 1168 135 0.971971971972
4245 2145 1168 775 0.756756756757
4245 1211 1168 0 0.720720720721
4245 4525 1168 0 0.720720720721
4245 4758 1168 0 0.720720720721
4245 1227 1168 487 0.731731731732
4245 3902 1168 0 0.720720720721
4245 1753 1168 0 0.748748748749
4245 1327 1168 539 0.751751751752
4245 4375 1168 0 0.720720720721
4245 2192 1168 762 0.776776776777
1327 4683 539 0 0.887887887888
1327 4706 539 0 0.967967967968
1327 2127 539 762 0.94994994995
1327 2138 539 762 0.968968968969
1327 337 539 135 0.720720720721
1327 2145 539 775 0.998998998999
1327 1211 539 0 0.996996996997
1327 4525 539 0 0.927927927928
1327 4758 539 0 0.720720720721
1327 1227 539 487 0.998998998999
1327 4029 539 0 0.492492492492
1327 3902 539 0 0.992992992993
1327 1753 539 0 0.992992992993
1327 4245 539 1168 0.751751751752
1327 4375 539 0 0.80980980981
1327 2192 539 762 0.983983983984
4375 4683 0 0 0.720720720721
4375 4706 0 0 0.747747747748
4375 2127 0 762 0.720720720721
4375 2138 0 762 0.720720720721
4375 337 0 135 0.720720720721
4375 2145 0 775 0.720720720721
4375 1211 0 0 0.780780780781
4375 4525 0 0 0.744744744745
4375 4758 0 0 0.720720720721
4375 1227 0 487 0.783783783784
4375 3902 0 0 0.780780780781
4375 1753 0 0 0.720720720721
4375 4245 0 1168 0.720720720721
4375 1327 0 539 0.80980980981
4375 2192 0 762 0.540540540541
2192 4683 762 0 0.540540540541
2192 4706 762 0 0.920920920921
2192 2127 762 762 0.586586586587
2192 2138 762 762 0.566566566567
2192 337 762 135 0.556556556557
2192 2145 762 775 0.987987987988
2192 1211 762 0 0.976976976977
2192 4525 762 0 0.878878878879
2192 4758 762 0 0.540540540541
2192 1227 762 487 0.98998998999
2192 3902 762 0 0.540540540541
2192 1753 762 0 0.864864864865
2192 4245 762 1168 0.776776776777
2192 1327 762 539 0.983983983984
2192 4375 762 0 0.540540540541
