2209 2213 733 525 0.998998998999
2209 2585 733 525 0.956956956957
2209 4259 733 1173 0.732732732733
2209 3425 733 857 0.502502502503
2209 3560 733 349 0.179179179179
2209 2752 733 573 0.96996996997
2209 639 733 260 1.0
2209 4264 733 1174 0.650650650651
2209 3284 733 857 0.662662662663
2209 1989 733 727 0.891891891892
2209 1998 733 728 0.785785785786
2209 2869 733 0 0.32032032032
2209 4447 733 1198 0.393393393393
2209 3535 733 733 0.226226226226
2209 1299 733 525 0.671671671672
2209 547 733 231 0.714714714715
2209 2902 733 857 0.527527527528
2213 2209 525 733 0.998998998999
2213 2585 525 525 0.997997997998
2213 4259 525 1173 0.991991991992
2213 3425 525 857 0.442442442442
2213 3560 525 349 0.452452452452
2213 2752 525 573 0.806806806807
2213 639 525 260 1.0
2213 4264 525 1174 0.631631631632
2213 3284 525 857 0.744744744745
2213 1989 525 727 1.0
2213 1998 525 728 0.753753753754
2213 2869 525 0 0.805805805806
2213 4447 525 1198 0.16016016016
2213 3535 525 733 0.960960960961
2213 1299 525 525 1.0
2213 547 525 231 0.975975975976
2213 2902 525 857 0.775775775776
2585 2209 525 733 0.956956956957
2585 2213 525 525 0.997997997998
2585 4259 525 1173 0.980980980981
2585 3425 525 857 0.268268268268
2585 2752 525 573 0.192192192192
2585 639 525 260 0.998998998999
2585 4264 525 1174 0.616616616617
2585 3284 525 857 0.538538538539
2585 1989 525 727 1.0
2585 1998 525 728 0.425425425425
2585 2869 525 0 0.626626626627
2585 3535 525 733 0.928928928929
2585 1299 525 525 0.995995995996
2585 547 525 231 0.980980980981
2585 2902 525 857 0.397397397397
4259 2209 1173 733 0.732732732733
4259 2213 1173 525 0.991991991992
4259 2585 1173 525 0.980980980981
4259 2752 1173 573 0.957957957958
4259 639 1173 260 0.993993993994
4259 4264 1173 1174 1.0
4259 3284 1173 857 0.497497497497
4259 1989 1173 727 0.953953953954
4259 1998 1173 728 0.451451451451
4259 2869 1173 0 0.644644644645
4259 3535 1173 733 0.566566566567
4259 1299 1173 525 0.760760760761
4259 547 1173 231 0.988988988989
4259 2902 1173 857 0.312312312312
3425 2209 857 733 0.502502502503
3425 2213 857 525 0.442442442442
3425 2585 857 525 0.268268268268
3425 3560 857 349 0.3003003003
3425 2752 857 573 0.292292292292
3425 639 857 260 0.917917917918
3425 4264 857 1174 0.31031031031
3425 3284 857 857 0.958958958959
3425 1989 857 727 0.325325325325
3425 1998 857 728 0.912912912913
3425 2869 857 0 0.16016016016
3425 4447 857 1198 0.508508508509
3425 3535 857 733 0.25025025025
3425 547 857 231 0.618618618619
3425 2902 857 857 0.934934934935
3560 2209 349 733 0.179179179179
3560 2213 349 525 0.452452452452
3560 3425 349 857 0.3003003003
3560 639 349 260 0.942942942943
3560 3284 349 857 0.176176176176
3560 1998 349 728 0.522522522523
3560 4447 349 1198 0.181181181181
3560 3535 349 733 0.247247247247
3560 1299 349 525 0.194194194194
3560 547 349 231 0.353353353353
3560 2902 349 857 0.296296296296
2752 2209 573 733 0.96996996997
2752 2213 573 525 0.806806806807
2752 2585 573 525 0.192192192192
2752 4259 573 1173 0.957957957958
2752 3425 573 857 0.292292292292
2752 639 573 260 0.986986986987
2752 4264 573 1174 0.588588588589
2752 3284 573 857 0.393393393393
2752 1989 573 727 0.586586586587
2752 1998 573 728 0.953953953954
2752 2869 573 0 0.161161161161
2752 4447 573 1198 0.44044044044
2752 3535 573 733 0.16016016016
2752 1299 573 525 0.652652652653
2752 547 573 231 0.973973973974
2752 2902 573 857 0.191191191191
639 2209 260 733 1.0
639 2213 260 525 1.0
639 2585 260 525 0.998998998999
639 4259 260 1173 0.993993993994
639 3425 260 857 0.917917917918
639 3560 260 349 0.942942942943
639 2752 260 573 0.986986986987
639 4264 260 1174 0.833833833834
639 3284 260 857 0.976976976977
639 1989 260 727 0.997997997998
639 1998 260 728 0.803803803804
639 2869 260 0 0.710710710711
639 4447 260 1198 0.964964964965
639 3535 260 733 0.957957957958
639 1299 260 525 0.990990990991
639 547 260 231 0.983983983984
639 2902 260 857 0.986986986987
4264 2209 1174 733 0.650650650651
4264 2213 1174 525 0.631631631632
4264 2585 1174 525 0.616616616617
4264 4259 1174 1173 1.0
4264 3425 1174 857 0.31031031031
4264 2752 1174 573 0.588588588589
4264 639 1174 260 0.833833833834
4264 1989 1174 727 0.514514514515
4264 1998 1174 728 0.476476476476
4264 2869 1174 0 0.297297297297
4264 3535 1174 733 0.176176176176
4264 1299 1174 525 0.592592592593
4264 547 1174 231 0.753753753754
4264 2902 1174 857 0.231231231231
3284 2209 857 733 0.662662662663
3284 2213 857 525 0.744744744745
3284 2585 857 525 0.538538538539
3284 4259 857 1173 0.497497497497
3284 3425 857 857 0.958958958959
3284 3560 857 349 0.176176176176
3284 2752 857 573 0.393393393393
3284 639 857 260 0.976976976977
3284 1989 857 727 0.66966966967
3284 1998 857 728 0.995995995996
3284 2869 857 0 0.169169169169
3284 4447 857 1198 0.469469469469
3284 3535 857 733 0.225225225225
3284 1299 857 525 0.393393393393
3284 547 857 231 0.675675675676
3284 2902 857 857 0.958958958959
1989 2209 727 733 0.891891891892
1989 2213 727 525 1.0
1989 2585 727 525 1.0
1989 4259 727 1173 0.953953953954
1989 3425 727 857 0.325325325325
1989 2752 727 573 0.586586586587
1989 639 727 260 0.997997997998
1989 4264 727 1174 0.514514514515
1989 3284 727 857 0.66966966967
1989 1998 727 728 0.41041041041
1989 2869 727 0 0.673673673674
1989 3535 727 733 0.673673673674
1989 1299 727 525 0.988988988989
1989 547 727 231 0.603603603604
1989 2902 727 857 0.353353353353
1998 2209 728 733 0.785785785786
1998 2213 728 525 0.753753753754
1998 2585 728 525 0.425425425425
1998 4259 728 1173 0.451451451451
1998 3425 728 857 0.912912912913
1998 3560 728 349 0.522522522523
1998 2752 728 573 0.953953953954
1998 639 728 260 0.803803803804
1998 4264 728 1174 0.476476476476
1998 3284 728 857 0.995995995996
1998 1989 728 727 0.41041041041
1998 2869 728 0 0.303303303303
1998 4447 728 1198 0.37037037037
1998 3535 728 733 0.506506506507
1998 1299 728 525 0.496496496496
1998 547 728 231 0.398398398398
1998 2902 728 857 0.908908908909
2869 2209 0 733 0.32032032032
2869 2213 0 525 0.805805805806
2869 2585 0 525 0.626626626627
2869 4259 0 1173 0.644644644645
2869 3425 0 857 0.16016016016
2869 2752 0 573 0.161161161161
2869 639 0 260 0.710710710711
2869 4264 0 1174 0.297297297297
2869 3284 0 857 0.169169169169
2869 1989 0 727 0.673673673674
2869 1998 0 728 0.303303303303
2869 3535 0 733 0.176176176176
2869 1299 0 525 0.722722722723
2869 547 0 231 0.488488488488
2869 2902 0 857 0.264264264264
4447 2209 1198 733 0.393393393393
4447 2213 1198 525 0.16016016016
4447 3425 1198 857 0.508508508509
4447 3560 1198 349 0.181181181181
4447 2752 1198 573 0.44044044044
4447 639 1198 260 0.964964964965
4447 3284 1198 857 0.469469469469
4447 1998 1198 728 0.37037037037
4447 3535 1198 733 0.61961961962
4447 2902 1198 857 0.473473473473
3535 2209 733 733 0.226226226226
3535 2213 733 525 0.960960960961
3535 2585 733 525 0.928928928929
3535 4259 733 1173 0.566566566567
3535 3425 733 857 0.25025025025
3535 3560 733 349 0.247247247247
3535 2752 733 573 0.16016016016
3535 639 733 260 0.957957957958
3535 4264 733 1174 0.176176176176
3535 3284 733 857 0.225225225225
3535 1989 733 727 0.673673673674
3535 1998 733 728 0.506506506507
3535 2869 733 0 0.176176176176
3535 4447 733 1198 0.61961961962
3535 1299 733 525 0.592592592593
3535 547 733 231 0.323323323323
3535 2902 733 857 0.303303303303
1299 2209 525 733 0.671671671672
1299 2213 525 525 1.0
1299 2585 525 525 0.995995995996
1299 4259 525 1173 0.760760760761
1299 3560 525 349 0.194194194194
1299 2752 525 573 0.652652652653
1299 639 525 260 0.990990990991
1299 4264 525 1174 0.592592592593
1299 3284 525 857 0.393393393393
1299 1989 525 727 0.988988988989
1299 1998 525 728 0.496496496496
1299 2869 525 0 0.722722722723
1299 3535 525 733 0.592592592593
1299 547 525 231 0.502502502503
1299 2902 525 857 0.168168168168
547 2209 231 733 0.714714714715
547 2213 231 525 0.975975975976
547 2585 231 525 0.980980980981
547 4259 231 1173 0.988988988989
547 3425 231 857 0.618618618619
547 3560 231 349 0.353353353353
547 2752 231 573 0.973973973974
547 639 231 260 0.983983983984
547 4264 231 1174 0.753753753754
547 3284 231 857 0.675675675676
547 1989 231 727 0.603603603604
547 1998 231 728 0.398398398398
547 2869 231 0 0.488488488488
547 3535 231 733 0.323323323323
547 1299 231 525 0.502502502503
547 2902 231 857 0.704704704705
2902 2209 857 733 0.527527527528
2902 2213 857 525 0.775775775776
2902 2585 857 525 0.397397397397
2902 4259 857 1173 0.312312312312
2902 3425 857 857 0.934934934935
2902 3560 857 349 0.296296296296
2902 2752 857 573 0.191191191191
2902 639 857 260 0.986986986987
2902 4264 857 1174 0.231231231231
2902 3284 857 857 0.958958958959
2902 1989 857 727 0.353353353353
2902 1998 857 728 0.908908908909
2902 2869 857 0 0.264264264264
2902 4447 857 1198 0.473473473473
2902 3535 857 733 0.303303303303
2902 1299 857 525 0.168168168168
2902 547 857 231 0.704704704705
