2267 3732 0 95 0.335335335335
2267 732 0 0 0.944944944945
2267 2273 0 0 0.428428428428
2267 3680 0 0 0.702702702703
2267 2281 0 261 0.835835835836
2267 4773 0 0 0.174174174174
2267 2196 0 0 0.205205205205
2267 3998 0 0 0.722722722723
2267 2737 0 309 0.710710710711
2267 2946 0 83 0.445445445445
2267 2292 0 0 0.968968968969
2267 2139 0 7 0.404404404404
2267 2296 0 0 0.881881881882
2267 4011 0 0 0.802802802803
2267 2305 0 0 0.319319319319
2267 163 0 0 0.90990990991
2267 757 0 0 0.728728728729
2267 2630 0 80 0.157157157157
2267 4025 0 0 0.48048048048
2267 190 0 0 0.353353353353
2267 4039 0 0 0.17017017017
2267 2084 0 751 0.530530530531
2267 4048 0 0 0.23023023023
2267 4065 0 0 0.60960960961
2267 4940 0 0 0.159159159159
2267 780 0 0 0.750750750751
2267 248 0 0 0.750750750751
2267 4071 0 1134 0.508508508509
2267 1650 0 263 0.712712712713
3970 3732 0 95 0.236236236236
3970 2292 0 0 0.31031031031
3970 2296 0 0 0.174174174174
3970 4011 0 0 0.247247247247
3970 163 0 0 0.547547547548
3970 757 0 0 0.154154154154
3970 2630 0 80 0.279279279279
3970 190 0 0 0.258258258258
3970 2084 0 751 0.171171171171
3970 4048 0 0 0.236236236236
3970 4065 0 0 0.167167167167
3970 780 0 0 0.168168168168
3976 3732 0 95 0.243243243243
3976 2296 0 0 0.176176176176
3976 163 0 0 0.235235235235
3976 2084 0 751 0.168168168168
3732 2267 95 0 0.335335335335
3732 3970 95 0 0.236236236236
3732 3976 95 0 0.243243243243
3732 732 95 0 0.19019019019
3732 2273 95 0 0.273273273273
3732 2281 95 261 0.404404404404
3732 4773 95 0 0.177177177177
3732 2196 95 0 0.269269269269
3732 3998 95 0 0.168168168168
3732 2946 95 83 0.710710710711
3732 2292 95 0 0.817817817818
3732 2139 95 7 0.279279279279
3732 2296 95 0 0.497497497497
3732 4011 95 0 0.308308308308
3732 2305 95 0 0.272272272272
3732 163 95 0 0.944944944945
3732 2630 95 80 0.473473473473
3732 4025 95 0 0.508508508509
3732 190 95 0 0.641641641642
3732 4039 95 0 0.745745745746
3732 2084 95 751 0.710710710711
3732 4048 95 0 0.511511511512
3732 4065 95 0 0.511511511512
3732 780 95 0 0.64964964965
3732 248 95 0 0.229229229229
3732 1650 95 263 0.274274274274
732 2267 0 0 0.944944944945
732 3732 0 95 0.19019019019
732 2273 0 0 0.82982982983
732 3680 0 0 0.408408408408
732 738 0 0 0.17017017017
732 2281 0 261 0.720720720721
732 2196 0 0 0.172172172172
732 3998 0 0 0.524524524525
732 2737 0 309 0.720720720721
732 2946 0 83 0.324324324324
732 2292 0 0 0.87987987988
732 2296 0 0 0.85985985986
732 4011 0 0 0.179179179179
732 2305 0 0 0.435435435435
732 163 0 0 0.942942942943
732 757 0 0 0.62962962963
732 4025 0 0 0.655655655656
732 190 0 0 0.286286286286
732 2084 0 751 0.508508508509
732 4065 0 0 0.712712712713
732 780 0 0 0.647647647648
732 248 0 0 0.740740740741
732 4071 0 1134 0.677677677678
732 1650 0 263 0.702702702703
2273 2267 0 0 0.428428428428
2273 3732 0 95 0.273273273273
2273 732 0 0 0.82982982983
2273 3680 0 0 0.281281281281
2273 738 0 0 0.623623623624
2273 2281 0 261 0.764764764765
2273 4773 0 0 0.168168168168
2273 2196 0 0 0.223223223223
2273 3998 0 0 0.635635635636
2273 2737 0 309 0.774774774775
2273 2946 0 83 0.445445445445
2273 2292 0 0 0.784784784785
2273 2139 0 7 0.172172172172
2273 2296 0 0 0.948948948949
2273 4011 0 0 0.458458458458
2273 2305 0 0 0.774774774775
2273 163 0 0 0.925925925926
2273 757 0 0 0.708708708709
2273 2630 0 80 0.154154154154
2273 4025 0 0 0.815815815816
2273 190 0 0 0.661661661662
2273 4039 0 0 0.177177177177
2273 2084 0 751 0.637637637638
2273 4065 0 0 0.424424424424
2273 780 0 0 0.744744744745
2273 248 0 0 0.508508508509
2273 1650 0 263 0.726726726727
3680 2267 0 0 0.702702702703
3680 732 0 0 0.408408408408
3680 2273 0 0 0.281281281281
3680 738 0 0 0.172172172172
3680 2281 0 261 0.651651651652
3680 2196 0 0 0.322322322322
3680 3998 0 0 0.283283283283
3680 2946 0 83 0.17017017017
3680 2292 0 0 0.62962962963
3680 2296 0 0 0.384384384384
3680 163 0 0 0.732732732733
3680 757 0 0 0.154154154154
3680 2084 0 751 0.243243243243
3680 4065 0 0 0.167167167167
3680 780 0 0 0.174174174174
3680 248 0 0 0.657657657658
3680 1650 0 263 0.358358358358
738 732 0 0 0.17017017017
738 2273 0 0 0.623623623624
738 3680 0 0 0.172172172172
738 2281 0 261 0.419419419419
738 3998 0 0 0.324324324324
738 2946 0 83 0.177177177177
738 2292 0 0 0.319319319319
738 2296 0 0 0.324324324324
738 163 0 0 0.358358358358
738 757 0 0 0.49049049049
738 4025 0 0 0.232232232232
738 190 0 0 0.162162162162
738 4065 0 0 0.151151151151
738 780 0 0 0.286286286286
738 248 0 0 0.176176176176
738 1650 0 263 0.510510510511
2281 2267 261 0 0.835835835836
2281 3732 261 95 0.404404404404
2281 732 261 0 0.720720720721
2281 2273 261 0 0.764764764765
2281 3680 261 0 0.651651651652
2281 738 261 0 0.419419419419
2281 2196 261 0 0.843843843844
2281 3998 261 0 0.312312312312
2281 2946 261 83 0.774774774775
2281 2292 261 0 0.885885885886
2281 2139 261 7 0.734734734735
2281 2296 261 0 0.962962962963
2281 4011 261 0 0.404404404404
2281 2305 261 0 0.271271271271
2281 163 261 0 0.976976976977
2281 757 261 0 0.510510510511
2281 2630 261 80 0.157157157157
2281 4025 261 0 0.645645645646
2281 190 261 0 0.655655655656
2281 4039 261 0 0.23023023023
2281 2084 261 751 0.732732732733
2281 4048 261 0 0.267267267267
2281 4065 261 0 0.806806806807
2281 780 261 0 0.661661661662
2281 248 261 0 0.87987987988
2281 1650 261 263 0.843843843844
4773 2267 0 0 0.174174174174
4773 3732 0 95 0.177177177177
4773 2273 0 0 0.168168168168
4773 2292 0 0 0.293293293293
4773 4011 0 0 0.65965965966
4773 163 0 0 0.17017017017
4773 190 0 0 0.263263263263
4773 4039 0 0 0.223223223223
4773 4048 0 0 0.172172172172
4773 780 0 0 0.537537537538
2196 2267 0 0 0.205205205205
2196 3732 0 95 0.269269269269
2196 732 0 0 0.172172172172
2196 2273 0 0 0.223223223223
2196 3680 0 0 0.322322322322
2196 2281 0 261 0.843843843844
2196 2946 0 83 0.521521521522
2196 2292 0 0 0.517517517518
2196 2139 0 7 0.716716716717
2196 2296 0 0 0.710710710711
2196 4011 0 0 0.177177177177
2196 163 0 0 0.83983983984
2196 2630 0 80 0.176176176176
2196 4025 0 0 0.23023023023
2196 190 0 0 0.312312312312
2196 2084 0 751 0.627627627628
2196 4065 0 0 0.318318318318
2196 248 0 0 0.414414414414
2196 1650 0 263 0.318318318318
3998 2267 0 0 0.722722722723
3998 3732 0 95 0.168168168168
3998 732 0 0 0.524524524525
3998 2273 0 0 0.635635635636
3998 3680 0 0 0.283283283283
3998 738 0 0 0.324324324324
3998 2281 0 261 0.312312312312
3998 2737 0 309 0.399399399399
3998 2946 0 83 0.293293293293
3998 2292 0 0 0.87987987988
3998 2296 0 0 0.631631631632
3998 4011 0 0 0.322322322322
3998 2305 0 0 0.318318318318
3998 163 0 0 0.627627627628
3998 757 0 0 0.347347347347
3998 4025 0 0 0.389389389389
3998 190 0 0 0.229229229229
3998 2084 0 751 0.223223223223
3998 780 0 0 0.827827827828
3998 248 0 0 0.168168168168
3998 1650 0 263 0.48048048048
2737 2267 309 0 0.710710710711
2737 732 309 0 0.720720720721
2737 2273 309 0 0.774774774775
2737 3998 309 0 0.399399399399
2737 2292 309 0 0.524524524525
2737 2296 309 0 0.64964964965
2737 4011 309 0 0.205205205205
2737 2305 309 0 0.726726726727
2737 163 309 0 0.504504504505
2737 757 309 0 0.742742742743
2737 2630 309 80 0.296296296296
2737 4025 309 0 0.324324324324
2737 190 309 0 0.258258258258
2737 4039 309 0 0.238238238238
2737 2084 309 751 0.198198198198
2737 4048 309 0 0.151151151151
2737 4065 309 0 0.31031031031
2737 780 309 0 0.399399399399
2737 248 309 0 0.201201201201
2737 4071 309 1134 0.389389389389
2737 1650 309 263 0.283283283283
2946 2267 83 0 0.445445445445
2946 3732 83 95 0.710710710711
2946 732 83 0 0.324324324324
2946 2273 83 0 0.445445445445
2946 3680 83 0 0.17017017017
2946 738 83 0 0.177177177177
2946 2281 83 261 0.774774774775
2946 2196 83 0 0.521521521522
2946 3998 83 0 0.293293293293
2946 2292 83 0 0.913913913914
2946 2139 83 7 0.740740740741
2946 2296 83 0 0.782782782783
2946 4011 83 0 0.637637637638
2946 163 83 0 0.927927927928
2946 757 83 0 0.17017017017
2946 4025 83 0 0.623623623624
2946 190 83 0 0.712712712713
2946 4039 83 0 0.64964964965
2946 2084 83 751 0.657657657658
2946 4048 83 0 0.976976976977
2946 4065 83 0 0.157157157157
2946 780 83 0 0.833833833834
2946 248 83 0 0.537537537538
2946 4071 83 1134 0.268268268268
2946 1650 83 263 0.972972972973
2292 2267 0 0 0.968968968969
2292 3970 0 0 0.31031031031
2292 3732 0 95 0.817817817818
2292 732 0 0 0.87987987988
2292 2273 0 0 0.784784784785
2292 3680 0 0 0.62962962963
2292 738 0 0 0.319319319319
2292 2281 0 261 0.885885885886
2292 4773 0 0 0.293293293293
2292 2196 0 0 0.517517517518
2292 3998 0 0 0.87987987988
2292 2737 0 309 0.524524524525
2292 2946 0 83 0.913913913914
2292 2139 0 7 0.774774774775
2292 2296 0 0 0.913913913914
2292 4011 0 0 0.90990990991
2292 2305 0 0 0.435435435435
2292 163 0 0 0.978978978979
2292 757 0 0 0.508508508509
2292 2630 0 80 0.501501501502
2292 4025 0 0 0.877877877878
2292 190 0 0 0.923923923924
2292 4039 0 0 0.82982982983
2292 2084 0 751 0.944944944945
2292 4048 0 0 0.774774774775
2292 4065 0 0 0.885885885886
2292 780 0 0 0.974974974975
2292 248 0 0 0.790790790791
2292 4071 0 1134 0.285285285285
2292 1650 0 263 0.91991991992
2139 2267 7 0 0.404404404404
2139 3732 7 95 0.279279279279
2139 2273 7 0 0.172172172172
2139 2281 7 261 0.734734734735
2139 2196 7 0 0.716716716717
2139 2946 7 83 0.740740740741
2139 2292 7 0 0.774774774775
2139 2296 7 0 0.285285285285
2139 4011 7 0 0.205205205205
2139 163 7 0 0.540540540541
2139 4025 7 0 0.33033033033
2139 190 7 0 0.507507507508
2139 4039 7 0 0.174174174174
2139 2084 7 751 0.308308308308
2139 4048 7 0 0.17017017017
2139 4065 7 0 0.17017017017
2139 780 7 0 0.374374374374
2139 248 7 0 0.177177177177
2139 1650 7 263 0.661661661662
2296 2267 0 0 0.881881881882
2296 3970 0 0 0.174174174174
2296 3976 0 0 0.176176176176
2296 3732 0 95 0.497497497497
2296 732 0 0 0.85985985986
2296 2273 0 0 0.948948948949
2296 3680 0 0 0.384384384384
2296 738 0 0 0.324324324324
2296 2281 0 261 0.962962962963
2296 2196 0 0 0.710710710711
2296 3998 0 0 0.631631631632
2296 2737 0 309 0.64964964965
2296 2946 0 83 0.782782782783
2296 2292 0 0 0.913913913914
2296 2139 0 7 0.285285285285
2296 4011 0 0 0.661661661662
2296 2305 0 0 0.782782782783
2296 163 0 0 0.978978978979
2296 757 0 0 0.87987987988
2296 4025 0 0 0.655655655656
2296 190 0 0 0.593593593594
2296 4039 0 0 0.205205205205
2296 2084 0 751 0.823823823824
2296 4048 0 0 0.510510510511
2296 4065 0 0 0.813813813814
2296 780 0 0 0.517517517518
2296 248 0 0 0.784784784785
2296 4071 0 1134 0.508508508509
2296 1650 0 263 0.782782782783
4011 2267 0 0 0.802802802803
4011 3970 0 0 0.247247247247
4011 3732 0 95 0.308308308308
4011 732 0 0 0.179179179179
4011 2273 0 0 0.458458458458
4011 2281 0 261 0.404404404404
4011 4773 0 0 0.65965965966
4011 2196 0 0 0.177177177177
4011 3998 0 0 0.322322322322
4011 2737 0 309 0.205205205205
4011 2946 0 83 0.637637637638
4011 2292 0 0 0.90990990991
4011 2139 0 7 0.205205205205
4011 2296 0 0 0.661661661662
4011 2305 0 0 0.17017017017
4011 163 0 0 0.768768768769
4011 757 0 0 0.19019019019
4011 2630 0 80 0.285285285285
4011 4025 0 0 0.712712712713
4011 190 0 0 0.712712712713
4011 4039 0 0 0.708708708709
4011 2084 0 751 0.497497497497
4011 4048 0 0 0.322322322322
4011 4065 0 0 0.162162162162
4011 780 0 0 0.661661661662
4011 248 0 0 0.243243243243
4011 4071 0 1134 0.168168168168
4011 1650 0 263 0.286286286286
2305 2267 0 0 0.319319319319
2305 3732 0 95 0.272272272272
2305 732 0 0 0.435435435435
2305 2273 0 0 0.774774774775
2305 2281 0 261 0.271271271271
2305 3998 0 0 0.318318318318
2305 2737 0 309 0.726726726727
2305 2292 0 0 0.435435435435
2305 2296 0 0 0.782782782783
2305 4011 0 0 0.17017017017
2305 163 0 0 0.563563563564
2305 757 0 0 0.508508508509
2305 4025 0 0 0.424424424424
2305 190 0 0 0.167167167167
2305 4039 0 0 0.176176176176
2305 2084 0 751 0.273273273273
2305 4065 0 0 0.271271271271
2305 780 0 0 0.229229229229
2305 1650 0 263 0.168168168168
163 2267 0 0 0.90990990991
163 3970 0 0 0.547547547548
163 3976 0 0 0.235235235235
163 3732 0 95 0.944944944945
163 732 0 0 0.942942942943
163 2273 0 0 0.925925925926
163 3680 0 0 0.732732732733
163 738 0 0 0.358358358358
163 2281 0 261 0.976976976977
163 4773 0 0 0.17017017017
163 2196 0 0 0.83983983984
163 3998 0 0 0.627627627628
163 2737 0 309 0.504504504505
163 2946 0 83 0.927927927928
163 2292 0 0 0.978978978979
163 2139 0 7 0.540540540541
163 2296 0 0 0.978978978979
163 4011 0 0 0.768768768769
163 2305 0 0 0.563563563564
163 757 0 0 0.764764764765
163 2630 0 80 0.513513513514
163 4025 0 0 0.786786786787
163 190 0 0 0.915915915916
163 4039 0 0 0.710710710711
163 2084 0 751 0.895895895896
163 4048 0 0 0.690690690691
163 4065 0 0 0.927927927928
163 780 0 0 0.837837837838
163 248 0 0 0.944944944945
163 4071 0 1134 0.363363363363
163 1650 0 263 0.85985985986
757 2267 0 0 0.728728728729
757 3970 0 0 0.154154154154
757 732 0 0 0.62962962963
757 2273 0 0 0.708708708709
757 3680 0 0 0.154154154154
757 738 0 0 0.49049049049
757 2281 0 261 0.510510510511
757 3998 0 0 0.347347347347
757 2737 0 309 0.742742742743
757 2946 0 83 0.17017017017
757 2292 0 0 0.508508508509
757 2296 0 0 0.87987987988
757 4011 0 0 0.19019019019
757 2305 0 0 0.508508508509
757 163 0 0 0.764764764765
757 4025 0 0 0.445445445445
757 190 0 0 0.346346346346
757 2084 0 751 0.435435435435
757 4048 0 0 0.274274274274
757 4065 0 0 0.27027027027
757 780 0 0 0.627627627628
757 248 0 0 0.19019019019
757 4071 0 1134 0.229229229229
757 1650 0 263 0.324324324324
2630 2267 80 0 0.157157157157
2630 3970 80 0 0.279279279279
2630 3732 80 95 0.473473473473
2630 2273 80 0 0.154154154154
2630 2281 80 261 0.157157157157
2630 2196 80 0 0.176176176176
2630 2737 80 309 0.296296296296
2630 2292 80 0 0.501501501502
2630 4011 80 0 0.285285285285
2630 163 80 0 0.513513513514
2630 190 80 0 0.374374374374
2630 4039 80 0 0.27027027027
2630 2084 80 751 0.236236236236
2630 4065 80 0 0.324324324324
2630 780 80 0 0.168168168168
2630 248 80 0 0.191191191191
4025 2267 0 0 0.48048048048
4025 3732 0 95 0.508508508509
4025 732 0 0 0.655655655656
4025 2273 0 0 0.815815815816
4025 738 0 0 0.232232232232
4025 2281 0 261 0.645645645646
4025 2196 0 0 0.23023023023
4025 3998 0 0 0.389389389389
4025 2737 0 309 0.324324324324
4025 2946 0 83 0.623623623624
4025 2292 0 0 0.877877877878
4025 2139 0 7 0.33033033033
4025 2296 0 0 0.655655655656
4025 4011 0 0 0.712712712713
4025 2305 0 0 0.424424424424
4025 163 0 0 0.786786786787
4025 757 0 0 0.445445445445
4025 190 0 0 0.627627627628
4025 4039 0 0 0.319319319319
4025 2084 0 751 0.661661661662
4025 4048 0 0 0.347347347347
4025 4065 0 0 0.269269269269
4025 780 0 0 0.710710710711
4025 248 0 0 0.168168168168
4025 4071 0 1134 0.167167167167
4025 1650 0 263 0.441441441441
190 2267 0 0 0.353353353353
190 3970 0 0 0.258258258258
190 3732 0 95 0.641641641642
190 732 0 0 0.286286286286
190 2273 0 0 0.661661661662
190 738 0 0 0.162162162162
190 2281 0 261 0.655655655656
190 4773 0 0 0.263263263263
190 2196 0 0 0.312312312312
190 3998 0 0 0.229229229229
190 2737 0 309 0.258258258258
190 2946 0 83 0.712712712713
190 2292 0 0 0.923923923924
190 2139 0 7 0.507507507508
190 2296 0 0 0.593593593594
190 4011 0 0 0.712712712713
190 2305 0 0 0.167167167167
190 163 0 0 0.915915915916
190 757 0 0 0.346346346346
190 2630 0 80 0.374374374374
190 4025 0 0 0.627627627628
190 4039 0 0 0.732732732733
190 2084 0 751 0.790790790791
190 4048 0 0 0.408408408408
190 4065 0 0 0.469469469469
190 780 0 0 0.778778778779
190 248 0 0 0.515515515516
190 4071 0 1134 0.168168168168
190 1650 0 263 0.593593593594
4039 2267 0 0 0.17017017017
4039 3732 0 95 0.745745745746
4039 2273 0 0 0.177177177177
4039 2281 0 261 0.23023023023
4039 4773 0 0 0.223223223223
4039 2737 0 309 0.238238238238
4039 2946 0 83 0.64964964965
4039 2292 0 0 0.82982982983
4039 2139 0 7 0.174174174174
4039 2296 0 0 0.205205205205
4039 4011 0 0 0.708708708709
4039 2305 0 0 0.176176176176
4039 163 0 0 0.710710710711
4039 2630 0 80 0.27027027027
4039 4025 0 0 0.319319319319
4039 190 0 0 0.732732732733
4039 2084 0 751 0.271271271271
4039 4048 0 0 0.171171171171
4039 4065 0 0 0.313313313313
4039 780 0 0 0.537537537538
4039 248 0 0 0.271271271271
4039 1650 0 263 0.247247247247
2084 2267 751 0 0.530530530531
2084 3970 751 0 0.171171171171
2084 3976 751 0 0.168168168168
2084 3732 751 95 0.710710710711
2084 732 751 0 0.508508508509
2084 2273 751 0 0.637637637638
2084 3680 751 0 0.243243243243
2084 2281 751 261 0.732732732733
2084 2196 751 0 0.627627627628
2084 3998 751 0 0.223223223223
2084 2737 751 309 0.198198198198
2084 2946 751 83 0.657657657658
2084 2292 751 0 0.944944944945
2084 2139 751 7 0.308308308308
2084 2296 751 0 0.823823823824
2084 4011 751 0 0.497497497497
2084 2305 751 0 0.273273273273
2084 163 751 0 0.895895895896
2084 757 751 0 0.435435435435
2084 2630 751 80 0.236236236236
2084 4025 751 0 0.661661661662
2084 190 751 0 0.790790790791
2084 4039 751 0 0.271271271271
2084 4048 751 0 0.33033033033
2084 4065 751 0 0.657657657658
2084 780 751 0 0.65965965966
2084 248 751 0 0.389389389389
2084 4071 751 1134 0.177177177177
2084 1650 751 263 0.374374374374
4048 2267 0 0 0.23023023023
4048 3970 0 0 0.236236236236
4048 3732 0 95 0.511511511512
4048 2281 0 261 0.267267267267
4048 4773 0 0 0.172172172172
4048 2737 0 309 0.151151151151
4048 2946 0 83 0.976976976977
4048 2292 0 0 0.774774774775
4048 2139 0 7 0.17017017017
4048 2296 0 0 0.510510510511
4048 4011 0 0 0.322322322322
4048 163 0 0 0.690690690691
4048 757 0 0 0.274274274274
4048 4025 0 0 0.347347347347
4048 190 0 0 0.408408408408
4048 4039 0 0 0.171171171171
4048 2084 0 751 0.33033033033
4048 4065 0 0 0.156156156156
4048 780 0 0 0.710710710711
4048 1650 0 263 0.835835835836
4065 2267 0 0 0.60960960961
4065 3970 0 0 0.167167167167
4065 3732 0 95 0.511511511512
4065 732 0 0 0.712712712713
4065 2273 0 0 0.424424424424
4065 3680 0 0 0.167167167167
4065 738 0 0 0.151151151151
4065 2281 0 261 0.806806806807
4065 2196 0 0 0.318318318318
4065 2737 0 309 0.31031031031
4065 2946 0 83 0.157157157157
4065 2292 0 0 0.885885885886
4065 2139 0 7 0.17017017017
4065 2296 0 0 0.813813813814
4065 4011 0 0 0.162162162162
4065 2305 0 0 0.271271271271
4065 163 0 0 0.927927927928
4065 757 0 0 0.27027027027
4065 2630 0 80 0.324324324324
4065 4025 0 0 0.269269269269
4065 190 0 0 0.469469469469
4065 4039 0 0 0.313313313313
4065 2084 0 751 0.657657657658
4065 4048 0 0 0.156156156156
4065 780 0 0 0.497497497497
4065 248 0 0 0.441441441441
4065 4071 0 1134 0.198198198198
4065 1650 0 263 0.419419419419
4940 2267 0 0 0.159159159159
780 2267 0 0 0.750750750751
780 3970 0 0 0.168168168168
780 3732 0 95 0.64964964965
780 732 0 0 0.647647647648
780 2273 0 0 0.744744744745
780 3680 0 0 0.174174174174
780 738 0 0 0.286286286286
780 2281 0 261 0.661661661662
780 4773 0 0 0.537537537538
780 3998 0 0 0.827827827828
780 2737 0 309 0.399399399399
780 2946 0 83 0.833833833834
780 2292 0 0 0.974974974975
780 2139 0 7 0.374374374374
780 2296 0 0 0.517517517518
780 4011 0 0 0.661661661662
780 2305 0 0 0.229229229229
780 163 0 0 0.837837837838
780 757 0 0 0.627627627628
780 2630 0 80 0.168168168168
780 4025 0 0 0.710710710711
780 190 0 0 0.778778778779
780 4039 0 0 0.537537537538
780 2084 0 751 0.65965965966
780 4048 0 0 0.710710710711
780 4065 0 0 0.497497497497
780 248 0 0 0.744744744745
780 1650 0 263 0.827827827828
248 2267 0 0 0.750750750751
248 3732 0 95 0.229229229229
248 732 0 0 0.740740740741
248 2273 0 0 0.508508508509
248 3680 0 0 0.657657657658
248 738 0 0 0.176176176176
248 2281 0 261 0.87987987988
248 2196 0 0 0.414414414414
248 3998 0 0 0.168168168168
248 2737 0 309 0.201201201201
248 2946 0 83 0.537537537538
248 2292 0 0 0.790790790791
248 2139 0 7 0.177177177177
248 2296 0 0 0.784784784785
248 4011 0 0 0.243243243243
248 163 0 0 0.944944944945
248 757 0 0 0.19019019019
248 2630 0 80 0.191191191191
248 4025 0 0 0.168168168168
248 190 0 0 0.515515515516
248 4039 0 0 0.271271271271
248 2084 0 751 0.389389389389
248 4065 0 0 0.441441441441
248 780 0 0 0.744744744745
248 1650 0 263 0.672672672673
4071 2267 1134 0 0.508508508509
4071 732 1134 0 0.677677677678
4071 2737 1134 309 0.389389389389
4071 2946 1134 83 0.268268268268
4071 2292 1134 0 0.285285285285
4071 2296 1134 0 0.508508508509
4071 4011 1134 0 0.168168168168
4071 163 1134 0 0.363363363363
4071 757 1134 0 0.229229229229
4071 4025 1134 0 0.167167167167
4071 190 1134 0 0.168168168168
4071 2084 1134 751 0.177177177177
4071 4065 1134 0 0.198198198198
1650 2267 263 0 0.712712712713
1650 3732 263 95 0.274274274274
1650 732 263 0 0.702702702703
1650 2273 263 0 0.726726726727
1650 3680 263 0 0.358358358358
1650 738 263 0 0.510510510511
1650 2281 263 261 0.843843843844
1650 2196 263 0 0.318318318318
1650 3998 263 0 0.48048048048
1650 2737 263 309 0.283283283283
1650 2946 263 83 0.972972972973
1650 2292 263 0 0.91991991992
1650 2139 263 7 0.661661661662
1650 2296 263 0 0.782782782783
1650 4011 263 0 0.286286286286
1650 2305 263 0 0.168168168168
1650 163 263 0 0.85985985986
1650 757 263 0 0.324324324324
1650 4025 263 0 0.441441441441
1650 190 263 0 0.593593593594
1650 4039 263 0 0.247247247247
1650 2084 263 751 0.374374374374
1650 4048 263 0 0.835835835836
1650 4065 263 0 0.419419419419
1650 780 263 0 0.827827827828
1650 248 263 0 0.672672672673
