796 2111 0 360 0.168168168168
796 1097 0 360 0.710710710711
796 2417 0 0 0.881881881882
796 1130 0 441 0.978978978979
796 1716 0 651 0.510510510511
796 1179 0 360 0.978978978979
796 1216 0 481 0.983983983984
796 1504 0 585 0.968968968969
796 1249 0 0 0.770770770771
796 2489 0 844 0.978978978979
796 1272 0 514 0.982982982983
796 892 0 344 0.322322322322
796 4217 0 324 0.651651651652
796 1888 0 0 0.269269269269
796 1348 0 0 0.722722722723
796 909 0 265 0.972972972973
796 2551 0 138 0.978978978979
2111 796 360 0 0.168168168168
2111 1097 360 360 0.990990990991
2111 1130 360 441 0.998998998999
2111 1716 360 651 0.162162162162
2111 2449 360 812 0.41041041041
2111 1179 360 360 0.992992992993
2111 1216 360 481 0.904904904905
2111 1272 360 514 0.256256256256
2111 4217 360 324 0.941941941942
2111 1009 360 0 0.168168168168
2111 2551 360 138 0.281281281281
1097 796 360 0 0.710710710711
1097 2111 360 360 0.990990990991
1097 2416 360 474 0.312312312312
1097 2417 360 0 0.768768768769
1097 1130 360 441 0.986986986987
1097 1716 360 651 0.751751751752
1097 2449 360 812 0.272272272272
1097 1179 360 360 0.985985985986
1097 1216 360 481 0.930930930931
1097 1504 360 585 0.198198198198
1097 2489 360 844 0.722722722723
1097 1272 360 514 0.648648648649
1097 4217 360 324 0.93993993994
1097 1348 360 0 0.976976976977
1097 2551 360 138 0.790790790791
2416 1097 474 360 0.312312312312
2416 2417 474 0 0.216216216216
2416 1130 474 441 0.17017017017
2416 1716 474 651 0.167167167167
2416 2449 474 812 0.351351351351
2416 1179 474 360 0.323323323323
2416 2489 474 844 0.492492492492
2416 892 474 344 0.156156156156
2416 1348 474 0 0.374374374374
2417 796 0 0 0.881881881882
2417 1097 0 360 0.768768768769
2417 2416 0 474 0.216216216216
2417 1130 0 441 0.865865865866
2417 1716 0 651 0.633633633634
2417 1179 0 360 0.841841841842
2417 1216 0 481 0.915915915916
2417 1504 0 585 0.353353353353
2417 1249 0 0 0.19019019019
2417 2489 0 844 0.812812812813
2417 1272 0 514 0.976976976977
2417 4217 0 324 0.510510510511
2417 1888 0 0 0.238238238238
2417 1009 0 0 0.157157157157
2417 1348 0 0 0.394394394394
2417 909 0 265 0.358358358358
2417 2551 0 138 0.84984984985
1130 796 441 0 0.978978978979
1130 2111 441 360 0.998998998999
1130 1097 441 360 0.986986986987
1130 2416 441 474 0.17017017017
1130 2417 441 0 0.865865865866
1130 1716 441 651 0.893893893894
1130 2449 441 812 0.565565565566
1130 1179 441 360 0.996996996997
1130 1216 441 481 0.997997997998
1130 1504 441 585 0.968968968969
1130 1249 441 0 0.968968968969
1130 2489 441 844 0.982982982983
1130 1272 441 514 0.986986986987
1130 892 441 344 0.379379379379
1130 4217 441 324 0.988988988989
1130 1888 441 0 0.285285285285
1130 1009 441 0 0.316316316316
1130 1348 441 0 0.974974974975
1130 909 441 265 0.916916916917
1130 2551 441 138 0.978978978979
1716 796 651 0 0.510510510511
1716 2111 651 360 0.162162162162
1716 1097 651 360 0.751751751752
1716 2416 651 474 0.167167167167
1716 2417 651 0 0.633633633634
1716 1130 651 441 0.893893893894
1716 2449 651 812 0.236236236236
1716 1179 651 360 0.748748748749
1716 1216 651 481 0.419419419419
1716 1504 651 585 0.243243243243
1716 1249 651 0 0.508508508509
1716 2489 651 844 0.752752752753
1716 1272 651 514 0.54954954955
1716 892 651 344 0.351351351351
1716 4217 651 324 0.744744744745
1716 1009 651 0 0.279279279279
1716 1348 651 0 0.395395395395
1716 909 651 265 0.281281281281
1716 2551 651 138 0.67967967968
2449 2111 812 360 0.41041041041
2449 1097 812 360 0.272272272272
2449 2416 812 474 0.351351351351
2449 1130 812 441 0.565565565566
2449 1716 812 651 0.236236236236
2449 1179 812 360 0.272272272272
2449 2489 812 844 0.284284284284
2449 892 812 344 0.167167167167
2449 1348 812 0 0.174174174174
1179 796 360 0 0.978978978979
1179 2111 360 360 0.992992992993
1179 1097 360 360 0.985985985986
1179 2416 360 474 0.323323323323
1179 2417 360 0 0.841841841842
1179 1130 360 441 0.996996996997
1179 1716 360 651 0.748748748749
1179 2449 360 812 0.272272272272
1179 1216 360 481 0.993993993994
1179 1504 360 585 0.974974974975
1179 1249 360 0 0.883883883884
1179 2489 360 844 0.981981981982
1179 1272 360 514 0.986986986987
1179 892 360 344 0.338338338338
1179 4217 360 324 0.995995995996
1179 1888 360 0 0.273273273273
1179 1009 360 0 0.177177177177
1179 1348 360 0 0.954954954955
1179 909 360 265 0.978978978979
1179 2551 360 138 0.978978978979
1216 796 481 0 0.983983983984
1216 2111 481 360 0.904904904905
1216 1097 481 360 0.930930930931
1216 2417 481 0 0.915915915916
1216 1130 481 441 0.997997997998
1216 1716 481 651 0.419419419419
1216 1179 481 360 0.993993993994
1216 1504 481 585 0.962962962963
1216 1249 481 0 0.732732732733
1216 2489 481 844 0.978978978979
1216 1272 481 514 0.996996996997
1216 892 481 344 0.168168168168
1216 4217 481 324 0.48048048048
1216 1888 481 0 0.404404404404
1216 1348 481 0 0.823823823824
1216 909 481 265 0.997997997998
1216 2551 481 138 0.997997997998
1504 796 585 0 0.968968968969
1504 1097 585 360 0.198198198198
1504 2417 585 0 0.353353353353
1504 1130 585 441 0.968968968969
1504 1716 585 651 0.243243243243
1504 1179 585 360 0.974974974975
1504 1216 585 481 0.962962962963
1504 1249 585 0 0.843843843844
1504 2489 585 844 0.978978978979
1504 1272 585 514 0.876876876877
1504 4217 585 324 0.501501501502
1504 1888 585 0 0.283283283283
1504 1348 585 0 0.308308308308
1504 909 585 265 0.998998998999
1504 2551 585 138 0.980980980981
1249 796 0 0 0.770770770771
1249 2417 0 0 0.19019019019
1249 1130 0 441 0.968968968969
1249 1716 0 651 0.508508508509
1249 1179 0 360 0.883883883884
1249 1216 0 481 0.732732732733
1249 1504 0 585 0.843843843844
1249 2489 0 844 0.837837837838
1249 1272 0 514 0.627627627628
1249 892 0 344 0.321321321321
1249 4217 0 324 0.348348348348
1249 1009 0 0 0.312312312312
1249 1348 0 0 0.235235235235
1249 909 0 265 0.673673673674
1249 2551 0 138 0.887887887888
2489 796 844 0 0.978978978979
2489 1097 844 360 0.722722722723
2489 2416 844 474 0.492492492492
2489 2417 844 0 0.812812812813
2489 1130 844 441 0.982982982983
2489 1716 844 651 0.752752752753
2489 2449 844 812 0.284284284284
2489 1179 844 360 0.981981981982
2489 1216 844 481 0.978978978979
2489 1504 844 585 0.978978978979
2489 1249 844 0 0.837837837838
2489 1272 844 514 0.978978978979
2489 892 844 344 0.515515515516
2489 4217 844 324 0.740740740741
2489 1348 844 0 0.867867867868
2489 909 844 265 0.953953953954
2489 2551 844 138 0.978978978979
1272 796 514 0 0.982982982983
1272 2111 514 360 0.256256256256
1272 1097 514 360 0.648648648649
1272 2417 514 0 0.976976976977
1272 1130 514 441 0.986986986987
1272 1716 514 651 0.54954954955
1272 1179 514 360 0.986986986987
1272 1216 514 481 0.996996996997
1272 1504 514 585 0.876876876877
1272 1249 514 0 0.627627627628
1272 2489 514 844 0.978978978979
1272 892 514 344 0.3003003003
1272 4217 514 324 0.578578578579
1272 1888 514 0 0.347347347347
1272 1348 514 0 0.308308308308
1272 909 514 265 0.956956956957
1272 2551 514 138 0.993993993994
892 796 344 0 0.322322322322
892 2416 344 474 0.156156156156
892 1130 344 441 0.379379379379
892 1716 344 651 0.351351351351
892 2449 344 812 0.167167167167
892 1179 344 360 0.338338338338
892 1216 344 481 0.168168168168
892 1249 344 0 0.321321321321
892 2489 344 844 0.515515515516
892 1272 344 514 0.3003003003
892 909 344 265 0.445445445445
892 2551 344 138 0.363363363363
4217 796 324 0 0.651651651652
4217 2111 324 360 0.941941941942
4217 1097 324 360 0.93993993994
4217 2417 324 0 0.510510510511
4217 1130 324 441 0.988988988989
4217 1716 324 651 0.744744744745
4217 1179 324 360 0.995995995996
4217 1216 324 481 0.48048048048
4217 1504 324 585 0.501501501502
4217 1249 324 0 0.348348348348
4217 2489 324 844 0.740740740741
4217 1272 324 514 0.578578578579
4217 1348 324 0 0.414414414414
4217 909 324 265 0.651651651652
4217 2551 324 138 0.720720720721
1888 796 0 0 0.269269269269
1888 2417 0 0 0.238238238238
1888 1130 0 441 0.285285285285
1888 1179 0 360 0.273273273273
1888 1216 0 481 0.404404404404
1888 1504 0 585 0.283283283283
1888 1272 0 514 0.347347347347
1888 2551 0 138 0.404404404404
1009 2111 0 360 0.168168168168
1009 2417 0 0 0.157157157157
1009 1130 0 441 0.316316316316
1009 1716 0 651 0.279279279279
1009 1179 0 360 0.177177177177
1009 1249 0 0 0.312312312312
1009 1348 0 0 0.174174174174
1348 796 0 0 0.722722722723
1348 1097 0 360 0.976976976977
1348 2416 0 474 0.374374374374
1348 2417 0 0 0.394394394394
1348 1130 0 441 0.974974974975
1348 1716 0 651 0.395395395395
1348 2449 0 812 0.174174174174
1348 1179 0 360 0.954954954955
1348 1216 0 481 0.823823823824
1348 1504 0 585 0.308308308308
1348 1249 0 0 0.235235235235
1348 2489 0 844 0.867867867868
1348 1272 0 514 0.308308308308
1348 4217 0 324 0.414414414414
1348 1009 0 0 0.174174174174
1348 909 0 265 0.174174174174
1348 2551 0 138 0.863863863864
909 796 265 0 0.972972972973
909 2417 265 0 0.358358358358
909 1130 265 441 0.916916916917
909 1716 265 651 0.281281281281
909 1179 265 360 0.978978978979
909 1216 265 481 0.997997997998
909 1504 265 585 0.998998998999
909 1249 265 0 0.673673673674
909 2489 265 844 0.953953953954
909 1272 265 514 0.956956956957
909 892 265 344 0.445445445445
909 4217 265 324 0.651651651652
909 1348 265 0 0.174174174174
909 2551 265 138 0.998998998999
2551 796 138 0 0.978978978979
2551 2111 138 360 0.281281281281
2551 1097 138 360 0.790790790791
2551 2417 138 0 0.84984984985
2551 1130 138 441 0.978978978979
2551 1716 138 651 0.67967967968
2551 1179 138 360 0.978978978979
2551 1216 138 481 0.997997997998
2551 1504 138 585 0.980980980981
2551 1249 138 0 0.887887887888
2551 2489 138 844 0.978978978979
2551 1272 138 514 0.993993993994
2551 892 138 344 0.363363363363
2551 4217 138 324 0.720720720721
2551 1888 138 0 0.404404404404
2551 1348 138 0 0.863863863864
2551 909 138 265 0.998998998999
