1659 805 156 306 0.544544544545
1659 820 156 0 0.315315315315
1659 1567 156 170 0.304304304304
1659 1571 156 170 0.304304304304
1659 4150 156 0 0.289289289289
1659 4152 156 1145 0.332332332332
1659 1155 156 156 0.162162162162
1659 617 156 156 0.544544544545
1659 4154 156 0 0.178178178178
1659 2840 156 0 0.395395395395
1659 2743 156 0 0.544544544545
1659 1186 156 0 0.768768768769
1659 4160 156 0 0.544544544545
1659 351 156 139 0.664664664665
1659 1203 156 41 0.374374374374
1659 2629 156 739 0.191191191191
1659 2751 156 0 0.544544544545
1659 4088 156 156 0.638638638639
1659 3347 156 156 0.307307307307
1659 541 156 30 0.364364364364
1659 701 156 139 0.378378378378
1659 2693 156 156 0.606606606607
4544 564 0 151 0.8998998999
4544 805 0 306 0.8998998999
4544 2716 0 0 0.8998998999
4544 4359 0 0 0.8998998999
4544 617 0 156 0.8998998999
4544 2743 0 0 0.8998998999
4544 2629 0 739 0.202202202202
4544 381 0 156 0.8998998999
4544 4088 0 156 0.8998998999
4544 3347 0 156 0.8998998999
4544 4342 0 0 0.8998998999
4544 541 0 30 0.904904904905
4544 1444 0 0 0.720720720721
4544 2693 0 156 0.8998998999
4544 1452 0 573 0.737737737738
263 2051 0 739 0.174174174174
263 351 0 139 0.316316316316
263 1231 0 490 0.18018018018
263 381 0 156 0.464464464464
263 701 0 139 0.31031031031
263 3115 0 0 0.224224224224
439 3626 177 696 0.907907907908
439 4774 177 0 0.8998998999
439 617 177 156 0.258258258258
439 4154 177 0 0.720720720721
439 2743 177 0 0.8998998999
439 2751 177 0 0.914914914915
439 381 177 156 0.900900900901
439 3347 177 156 0.8998998999
439 541 177 30 0.21021021021
564 4544 151 0 0.8998998999
564 805 151 306 0.8998998999
564 2716 151 0 0.8998998999
564 3626 151 696 0.292292292292
564 4359 151 0 0.8998998999
564 617 151 156 0.907907907908
564 2743 151 0 0.8998998999
564 381 151 156 0.916916916917
564 4088 151 156 0.8998998999
564 3347 151 156 0.900900900901
564 4342 151 0 0.8998998999
564 541 151 30 0.8998998999
564 1444 151 0 0.720720720721
564 2693 151 156 0.8998998999
564 1452 151 573 0.720720720721
4451 3982 0 0 0.304304304304
4451 820 0 0 0.157157157157
4451 4150 0 0 0.274274274274
4451 1155 0 156 0.986986986987
4451 2436 0 0 0.586586586587
4451 617 0 156 0.215215215215
4451 2840 0 0 0.998998998999
4451 1186 0 0 0.544544544545
4451 2852 0 156 0.304304304304
4451 4160 0 0 0.901901901902
4451 351 0 139 0.895895895896
4451 1203 0 41 0.997997997998
4451 1231 0 490 0.401401401401
4451 381 0 156 0.438438438438
4451 2693 0 156 0.740740740741
4451 3115 0 0 0.354354354354
805 1659 306 156 0.544544544545
805 4544 306 0 0.8998998999
805 564 306 151 0.8998998999
805 2716 306 0 0.8998998999
805 820 306 0 0.156156156156
805 4359 306 0 0.8998998999
805 1155 306 156 0.202202202202
805 617 306 156 0.951951951952
805 2743 306 0 0.8998998999
805 2852 306 156 0.544544544545
805 381 306 156 0.952952952953
805 4088 306 156 0.961961961962
805 3347 306 156 0.951951951952
805 4342 306 0 0.911911911912
805 541 306 30 0.8998998999
805 1444 306 0 0.733733733734
805 2693 306 156 0.914914914915
805 1452 306 573 0.720720720721
3982 4451 0 0 0.304304304304
3982 2436 0 0 0.596596596597
3982 2852 0 156 0.232232232232
3982 4160 0 0 0.780780780781
3982 351 0 139 0.726726726727
3982 1231 0 490 0.721721721722
3982 381 0 156 0.322322322322
2716 4544 0 0 0.8998998999
2716 564 0 151 0.8998998999
2716 805 0 306 0.8998998999
2716 3626 0 696 0.227227227227
2716 4359 0 0 0.8998998999
2716 617 0 156 0.8998998999
2716 2743 0 0 0.8998998999
2716 381 0 156 0.8998998999
2716 4088 0 156 0.8998998999
2716 3347 0 156 0.8998998999
2716 4342 0 0 0.8998998999
2716 541 0 30 0.8998998999
2716 1444 0 0 0.720720720721
2716 2693 0 156 0.8998998999
2716 1452 0 573 0.720720720721
820 1659 0 156 0.315315315315
820 4451 0 0 0.157157157157
820 805 0 306 0.156156156156
820 1567 0 170 0.548548548549
820 4431 0 407 0.2002002002
820 1571 0 170 0.826826826827
820 4150 0 0 0.88988988989
820 2051 0 739 0.399399399399
820 4152 0 1145 0.324324324324
820 1155 0 156 0.821821821822
820 2436 0 0 0.172172172172
820 617 0 156 0.471471471471
820 2611 0 739 0.237237237237
820 1186 0 0 0.357357357357
820 2852 0 156 0.837837837838
820 4160 0 0 0.271271271271
820 351 0 139 0.627627627628
820 1203 0 41 0.185185185185
820 2629 0 739 0.184184184184
820 1231 0 490 0.990990990991
820 381 0 156 1.0
820 701 0 139 0.765765765766
820 3115 0 0 0.46046046046
1567 1659 170 156 0.304304304304
1567 820 170 0 0.548548548549
1567 4152 170 1145 0.468468468468
1567 1155 170 156 0.511511511512
1567 2840 170 0 0.820820820821
1567 2611 170 739 0.232232232232
1567 2852 170 156 0.707707707708
1567 351 170 139 0.996996996997
1567 1203 170 41 0.155155155155
1567 2629 170 739 0.156156156156
1567 381 170 156 0.665665665666
1567 701 170 139 0.84984984985
1567 2693 170 156 0.159159159159
1567 3115 170 0 0.232232232232
4431 820 407 0 0.2002002002
4431 1571 407 170 0.226226226226
4431 4150 407 0 0.354354354354
4431 2051 407 739 0.208208208208
4431 2611 407 739 0.208208208208
4431 1186 407 0 0.184184184184
4431 2852 407 156 0.587587587588
4431 351 407 139 0.152152152152
4431 1231 407 490 0.357357357357
4431 381 407 156 0.219219219219
4431 701 407 139 0.232232232232
4431 3115 407 0 0.16016016016
1571 1659 170 156 0.304304304304
1571 820 170 0 0.826826826827
1571 4431 170 407 0.226226226226
1571 4150 170 0 0.500500500501
1571 2051 170 739 0.235235235235
1571 4152 170 1145 0.468468468468
1571 1155 170 156 0.546546546547
1571 4154 170 0 0.176176176176
1571 2840 170 0 0.820820820821
1571 2611 170 739 0.232232232232
1571 2852 170 156 0.707707707708
1571 4160 170 0 0.379379379379
1571 351 170 139 0.926926926927
1571 1203 170 41 0.155155155155
1571 2629 170 739 0.156156156156
1571 1231 170 490 0.265265265265
1571 381 170 156 0.956956956957
1571 701 170 139 0.947947947948
1571 2693 170 156 0.159159159159
1571 3115 170 0 0.232232232232
3626 439 696 177 0.907907907908
3626 564 696 151 0.292292292292
3626 2716 696 0 0.227227227227
3626 4774 696 0 0.8998998999
3626 617 696 156 0.477477477477
3626 4154 696 0 0.93993993994
3626 2743 696 0 0.981981981982
3626 2751 696 0 0.980980980981
3626 381 696 156 0.972972972973
3626 3347 696 156 0.958958958959
3626 541 696 30 0.296296296296
3626 2693 696 156 0.155155155155
4150 1659 0 156 0.289289289289
4150 4451 0 0 0.274274274274
4150 820 0 0 0.88988988989
4150 4431 0 407 0.354354354354
4150 1571 0 170 0.500500500501
4150 2051 0 739 0.366366366366
4150 4152 0 1145 0.179179179179
4150 1155 0 156 0.990990990991
4150 2436 0 0 0.958958958959
4150 617 0 156 0.517517517518
4150 2840 0 0 0.368368368368
4150 2611 0 739 0.237237237237
4150 1186 0 0 0.438438438438
4150 2852 0 156 0.883883883884
4150 4160 0 0 0.775775775776
4150 351 0 139 0.402402402402
4150 1203 0 41 0.951951951952
4150 2629 0 739 0.159159159159
4150 1231 0 490 0.855855855856
4150 381 0 156 1.0
4150 3347 0 156 0.557557557558
4150 701 0 139 0.213213213213
4150 3115 0 0 0.857857857858
2051 263 739 0 0.174174174174
2051 820 739 0 0.399399399399
2051 4431 739 407 0.208208208208
2051 1571 739 170 0.235235235235
2051 4150 739 0 0.366366366366
2051 2611 739 739 0.982982982983
2051 2852 739 156 0.547547547548
2051 4160 739 0 0.369369369369
2051 351 739 139 0.752752752753
2051 2629 739 739 0.982982982983
2051 381 739 156 0.884884884885
2051 701 739 139 0.398398398398
2051 3115 739 0 0.278278278278
4152 1659 1145 156 0.332332332332
4152 820 1145 0 0.324324324324
4152 1567 1145 170 0.468468468468
4152 1571 1145 170 0.468468468468
4152 4150 1145 0 0.179179179179
4152 1155 1145 156 0.229229229229
4152 2436 1145 0 0.817817817818
4152 1186 1145 0 0.772772772773
4152 2852 1145 156 0.847847847848
4152 1231 1145 490 0.771771771772
4152 381 1145 156 0.942942942943
4152 701 1145 139 0.236236236236
4152 3115 1145 0 0.211211211211
4359 4544 0 0 0.8998998999
4359 564 0 151 0.8998998999
4359 805 0 306 0.8998998999
4359 2716 0 0 0.8998998999
4359 617 0 156 0.90990990991
4359 2743 0 0 0.8998998999
4359 381 0 156 0.8998998999
4359 4088 0 156 0.8998998999
4359 3347 0 156 0.8998998999
4359 4342 0 0 0.8998998999
4359 541 0 30 0.8998998999
4359 1444 0 0 0.720720720721
4359 2693 0 156 0.90990990991
4774 439 0 177 0.8998998999
4774 3626 0 696 0.8998998999
4774 4154 0 0 0.720720720721
4774 2743 0 0 0.8998998999
4774 2751 0 0 0.905905905906
4774 381 0 156 0.8998998999
4774 3347 0 156 0.8998998999
1155 1659 156 156 0.162162162162
1155 4451 156 0 0.986986986987
1155 805 156 306 0.202202202202
1155 820 156 0 0.821821821822
1155 1567 156 170 0.511511511512
1155 1571 156 170 0.546546546547
1155 4150 156 0 0.990990990991
1155 4152 156 1145 0.229229229229
1155 2436 156 0 0.838838838839
1155 617 156 156 0.643643643644
1155 2840 156 0 0.991991991992
1155 2743 156 0 0.306306306306
1155 1186 156 0 0.843843843844
1155 2852 156 156 0.166166166166
1155 4160 156 0 0.34034034034
1155 351 156 139 0.860860860861
1155 1203 156 41 1.0
1155 1231 156 490 0.774774774775
1155 381 156 156 0.868868868869
1155 4088 156 156 0.203203203203
1155 3347 156 156 0.278278278278
1155 701 156 139 0.197197197197
1155 2693 156 156 0.808808808809
1155 3115 156 0 0.602602602603
2436 4451 0 0 0.586586586587
2436 3982 0 0 0.596596596597
2436 820 0 0 0.172172172172
2436 4150 0 0 0.958958958959
2436 4152 0 1145 0.817817817818
2436 1155 0 156 0.838838838839
2436 2840 0 0 0.570570570571
2436 1186 0 0 0.554554554555
2436 2852 0 156 0.176176176176
2436 351 0 139 0.257257257257
2436 1203 0 41 0.717717717718
2436 1231 0 490 0.964964964965
2436 381 0 156 0.983983983984
2436 701 0 139 0.590590590591
617 1659 156 156 0.544544544545
617 4544 156 0 0.8998998999
617 439 156 177 0.258258258258
617 564 156 151 0.907907907908
617 4451 156 0 0.215215215215
617 805 156 306 0.951951951952
617 2716 156 0 0.8998998999
617 820 156 0 0.471471471471
617 3626 156 696 0.477477477477
617 4150 156 0 0.517517517518
617 4359 156 0 0.90990990991
617 1155 156 156 0.643643643644
617 2743 156 0 0.925925925926
617 2852 156 156 0.661661661662
617 4160 156 0 0.267267267267
617 1203 156 41 0.224224224224
617 1231 156 490 0.17017017017
617 381 156 156 0.982982982983
617 4088 156 156 0.98998998999
617 3347 156 156 0.957957957958
617 4342 156 0 0.8998998999
617 541 156 30 0.914914914915
617 1444 156 0 0.720720720721
617 2693 156 156 0.940940940941
617 1452 156 573 0.720720720721
4154 1659 0 156 0.178178178178
4154 439 0 177 0.720720720721
4154 1571 0 170 0.176176176176
4154 3626 0 696 0.93993993994
4154 4774 0 0 0.720720720721
4154 2743 0 0 0.951951951952
4154 2751 0 0 0.954954954955
4154 381 0 156 0.868868868869
4154 3347 0 156 0.867867867868
4154 541 0 30 0.454454454454
2840 1659 0 156 0.395395395395
2840 4451 0 0 0.998998998999
2840 1567 0 170 0.820820820821
2840 1571 0 170 0.820820820821
2840 4150 0 0 0.368368368368
2840 1155 0 156 0.991991991992
2840 2436 0 0 0.570570570571
2840 1186 0 0 0.692692692693
2840 2852 0 156 0.573573573574
2840 4160 0 0 0.247247247247
2840 351 0 139 0.876876876877
2840 1203 0 41 0.997997997998
2840 1231 0 490 0.174174174174
2840 381 0 156 0.515515515516
2840 3347 0 156 0.471471471471
2840 701 0 139 0.560560560561
2840 2693 0 156 0.740740740741
2840 3115 0 0 0.354354354354
2611 820 739 0 0.237237237237
2611 1567 739 170 0.232232232232
2611 4431 739 407 0.208208208208
2611 1571 739 170 0.232232232232
2611 4150 739 0 0.237237237237
2611 2051 739 739 0.982982982983
2611 1186 739 0 0.159159159159
2611 2852 739 156 0.547547547548
2611 4160 739 0 0.16016016016
2611 351 739 139 0.16016016016
2611 2629 739 739 0.983983983984
2611 1231 739 490 0.226226226226
2611 1444 739 0 0.177177177177
2611 701 739 139 0.422422422422
2611 3115 739 0 0.462462462462
2743 1659 0 156 0.544544544545
2743 4544 0 0 0.8998998999
2743 439 0 177 0.8998998999
2743 564 0 151 0.8998998999
2743 805 0 306 0.8998998999
2743 2716 0 0 0.8998998999
2743 3626 0 696 0.981981981982
2743 4359 0 0 0.8998998999
2743 4774 0 0 0.8998998999
2743 1155 0 156 0.306306306306
2743 617 0 156 0.925925925926
2743 4154 0 0 0.951951951952
2743 2852 0 156 0.544544544545
2743 2751 0 0 0.981981981982
2743 381 0 156 0.975975975976
2743 4088 0 156 0.925925925926
2743 3347 0 156 0.966966966967
2743 4342 0 0 0.8998998999
2743 541 0 30 0.966966966967
2743 1444 0 0 0.74974974975
2743 2693 0 156 0.977977977978
1186 1659 0 156 0.768768768769
1186 4451 0 0 0.544544544545
1186 820 0 0 0.357357357357
1186 4431 0 407 0.184184184184
1186 4150 0 0 0.438438438438
1186 4152 0 1145 0.772772772773
1186 1155 0 156 0.843843843844
1186 2436 0 0 0.554554554555
1186 2840 0 0 0.692692692693
1186 2611 0 739 0.159159159159
1186 2852 0 156 0.912912912913
1186 4160 0 0 0.416416416416
1186 351 0 139 0.668668668669
1186 1203 0 41 0.686686686687
1186 1231 0 490 0.901901901902
1186 381 0 156 0.955955955956
1186 701 0 139 0.375375375375
1186 2693 0 156 0.54954954955
1186 3115 0 0 0.354354354354
2852 4451 156 0 0.304304304304
2852 805 156 306 0.544544544545
2852 3982 156 0 0.232232232232
2852 820 156 0 0.837837837838
2852 1567 156 170 0.707707707708
2852 4431 156 407 0.587587587588
2852 1571 156 170 0.707707707708
2852 4150 156 0 0.883883883884
2852 2051 156 739 0.547547547548
2852 4152 156 1145 0.847847847848
2852 1155 156 156 0.166166166166
2852 2436 156 0 0.176176176176
2852 617 156 156 0.661661661662
2852 2840 156 0 0.573573573574
2852 2611 156 739 0.547547547548
2852 2743 156 0 0.544544544545
2852 1186 156 0 0.912912912913
2852 4160 156 0 0.923923923924
2852 351 156 139 0.905905905906
2852 1203 156 41 0.484484484484
2852 2629 156 739 0.445445445445
2852 2751 156 0 0.544544544545
2852 1231 156 490 0.867867867868
2852 381 156 156 0.162162162162
2852 4088 156 156 0.583583583584
2852 3347 156 156 0.527527527528
2852 541 156 30 0.424424424424
2852 701 156 139 0.700700700701
2852 2693 156 156 0.615615615616
2852 3115 156 0 0.807807807808
4160 1659 0 156 0.544544544545
4160 4451 0 0 0.901901901902
4160 3982 0 0 0.780780780781
4160 820 0 0 0.271271271271
4160 1571 0 170 0.379379379379
4160 4150 0 0 0.775775775776
4160 2051 0 739 0.369369369369
4160 1155 0 156 0.34034034034
4160 617 0 156 0.267267267267
4160 2840 0 0 0.247247247247
4160 2611 0 739 0.16016016016
4160 1186 0 0 0.416416416416
4160 2852 0 156 0.923923923924
4160 351 0 139 0.988988988989
4160 1203 0 41 0.455455455455
4160 2629 0 739 0.159159159159
4160 1231 0 490 0.226226226226
4160 381 0 156 0.995995995996
4160 4088 0 156 0.202202202202
4160 3347 0 156 0.202202202202
4160 701 0 139 0.153153153153
4160 2693 0 156 0.267267267267
4160 3115 0 0 0.165165165165
351 1659 139 156 0.664664664665
351 263 139 0 0.316316316316
351 4451 139 0 0.895895895896
351 3982 139 0 0.726726726727
351 820 139 0 0.627627627628
351 1567 139 170 0.996996996997
351 4431 139 407 0.152152152152
351 1571 139 170 0.926926926927
351 4150 139 0 0.402402402402
351 2051 139 739 0.752752752753
351 1155 139 156 0.860860860861
351 2436 139 0 0.257257257257
351 2840 139 0 0.876876876877
351 2611 139 739 0.16016016016
351 1186 139 0 0.668668668669
351 2852 139 156 0.905905905906
351 4160 139 0 0.988988988989
351 1203 139 41 0.944944944945
351 2629 139 739 0.159159159159
351 1231 139 490 0.637637637638
351 381 139 156 0.975975975976
351 3347 139 156 0.204204204204
351 701 139 139 0.915915915916
351 3115 139 0 0.686686686687
1203 1659 41 156 0.374374374374
1203 4451 41 0 0.997997997998
1203 820 41 0 0.185185185185
1203 1567 41 170 0.155155155155
1203 1571 41 170 0.155155155155
1203 4150 41 0 0.951951951952
1203 1155 41 156 1.0
1203 2436 41 0 0.717717717718
1203 617 41 156 0.224224224224
1203 2840 41 0 0.997997997998
1203 1186 41 0 0.686686686687
1203 2852 41 156 0.484484484484
1203 4160 41 0 0.455455455455
1203 351 41 139 0.944944944945
1203 1231 41 490 0.308308308308
1203 381 41 156 0.640640640641
1203 2693 41 156 0.775775775776
1203 3115 41 0 0.444444444444
2629 1659 739 156 0.191191191191
2629 4544 739 0 0.202202202202
2629 820 739 0 0.184184184184
2629 1567 739 170 0.156156156156
2629 1571 739 170 0.156156156156
2629 4150 739 0 0.159159159159
2629 2051 739 739 0.982982982983
2629 2611 739 739 0.983983983984
2629 2852 739 156 0.445445445445
2629 4160 739 0 0.159159159159
2629 351 739 139 0.159159159159
2629 381 739 156 0.484484484484
2629 701 739 139 0.357357357357
2629 3115 739 0 0.44044044044
2751 1659 0 156 0.544544544545
2751 439 0 177 0.914914914915
2751 3626 0 696 0.980980980981
2751 4774 0 0 0.905905905906
2751 4154 0 0 0.954954954955
2751 2743 0 0 0.981981981982
2751 2852 0 156 0.544544544545
2751 381 0 156 0.951951951952
2751 3347 0 156 0.95995995996
2751 541 0 30 0.652652652653
2751 2693 0 156 0.676676676677
1231 263 490 0 0.18018018018
1231 4451 490 0 0.401401401401
1231 3982 490 0 0.721721721722
1231 820 490 0 0.990990990991
1231 4431 490 407 0.357357357357
1231 1571 490 170 0.265265265265
1231 4150 490 0 0.855855855856
1231 4152 490 1145 0.771771771772
1231 1155 490 156 0.774774774775
1231 2436 490 0 0.964964964965
1231 617 490 156 0.17017017017
1231 2840 490 0 0.174174174174
1231 2611 490 739 0.226226226226
1231 1186 490 0 0.901901901902
1231 2852 490 156 0.867867867868
1231 4160 490 0 0.226226226226
1231 351 490 139 0.637637637638
1231 1203 490 41 0.308308308308
1231 381 490 156 1.0
1231 701 490 139 0.454454454454
1231 3115 490 0 0.24024024024
4857 381 0 156 0.546546546547
381 4544 156 0 0.8998998999
381 263 156 0 0.464464464464
381 439 156 177 0.900900900901
381 564 156 151 0.916916916917
381 4451 156 0 0.438438438438
381 805 156 306 0.952952952953
381 3982 156 0 0.322322322322
381 2716 156 0 0.8998998999
381 820 156 0 1.0
381 1567 156 170 0.665665665666
381 4431 156 407 0.219219219219
381 1571 156 170 0.956956956957
381 3626 156 696 0.972972972973
381 4150 156 0 1.0
381 2051 156 739 0.884884884885
381 4152 156 1145 0.942942942943
381 4359 156 0 0.8998998999
381 4774 156 0 0.8998998999
381 1155 156 156 0.868868868869
381 2436 156 0 0.983983983984
381 617 156 156 0.982982982983
381 4154 156 0 0.868868868869
381 2840 156 0 0.515515515516
381 2743 156 0 0.975975975976
381 1186 156 0 0.955955955956
381 2852 156 156 0.162162162162
381 4160 156 0 0.995995995996
381 351 156 139 0.975975975976
381 1203 156 41 0.640640640641
381 2629 156 739 0.484484484484
381 2751 156 0 0.951951951952
381 1231 156 490 1.0
381 4857 156 0 0.546546546547
381 4088 156 156 0.977977977978
381 3347 156 156 0.955955955956
381 4342 156 0 0.8998998999
381 541 156 30 0.957957957958
381 1444 156 0 0.720720720721
381 701 156 139 0.881881881882
381 2693 156 156 0.955955955956
381 1452 156 573 0.720720720721
381 3115 156 0 0.85985985986
4088 1659 156 156 0.638638638639
4088 4544 156 0 0.8998998999
4088 564 156 151 0.8998998999
4088 805 156 306 0.961961961962
4088 2716 156 0 0.8998998999
4088 4359 156 0 0.8998998999
4088 1155 156 156 0.203203203203
4088 617 156 156 0.98998998999
4088 2743 156 0 0.925925925926
4088 2852 156 156 0.583583583584
4088 4160 156 0 0.202202202202
4088 381 156 156 0.977977977978
4088 3347 156 156 0.962962962963
4088 4342 156 0 0.8998998999
4088 541 156 30 0.8998998999
4088 1444 156 0 0.720720720721
4088 2693 156 156 0.91991991992
4088 1452 156 573 0.720720720721
3347 1659 156 156 0.307307307307
3347 4544 156 0 0.8998998999
3347 439 156 177 0.8998998999
3347 564 156 151 0.900900900901
3347 805 156 306 0.951951951952
3347 2716 156 0 0.8998998999
3347 3626 156 696 0.958958958959
3347 4150 156 0 0.557557557558
3347 4359 156 0 0.8998998999
3347 4774 156 0 0.8998998999
3347 1155 156 156 0.278278278278
3347 617 156 156 0.957957957958
3347 4154 156 0 0.867867867868
3347 2840 156 0 0.471471471471
3347 2743 156 0 0.966966966967
3347 2852 156 156 0.527527527528
3347 4160 156 0 0.202202202202
3347 351 156 139 0.204204204204
3347 2751 156 0 0.95995995996
3347 381 156 156 0.955955955956
3347 4088 156 156 0.962962962963
3347 4342 156 0 0.8998998999
3347 541 156 30 0.95995995996
3347 1444 156 0 0.720720720721
3347 2693 156 156 0.984984984985
3347 1452 156 573 0.720720720721
4342 4544 0 0 0.8998998999
4342 564 0 151 0.8998998999
4342 805 0 306 0.911911911912
4342 2716 0 0 0.8998998999
4342 4359 0 0 0.8998998999
4342 617 0 156 0.8998998999
4342 2743 0 0 0.8998998999
4342 381 0 156 0.8998998999
4342 4088 0 156 0.8998998999
4342 3347 0 156 0.8998998999
4342 541 0 30 0.905905905906
4342 1444 0 0 0.754754754755
4342 2693 0 156 0.8998998999
4342 1452 0 573 0.720720720721
541 1659 30 156 0.364364364364
541 4544 30 0 0.904904904905
541 439 30 177 0.21021021021
541 564 30 151 0.8998998999
541 805 30 306 0.8998998999
541 2716 30 0 0.8998998999
541 3626 30 696 0.296296296296
541 4359 30 0 0.8998998999
541 617 30 156 0.914914914915
541 4154 30 0 0.454454454454
541 2743 30 0 0.966966966967
541 2852 30 156 0.424424424424
541 2751 30 0 0.652652652653
541 381 30 156 0.957957957958
541 4088 30 156 0.8998998999
541 3347 30 156 0.95995995996
541 4342 30 0 0.905905905906
541 1444 30 0 0.720720720721
541 2693 30 156 0.90990990991
1444 4544 0 0 0.720720720721
1444 564 0 151 0.720720720721
1444 805 0 306 0.733733733734
1444 2716 0 0 0.720720720721
1444 4359 0 0 0.720720720721
1444 617 0 156 0.720720720721
1444 2611 0 739 0.177177177177
1444 2743 0 0 0.74974974975
1444 381 0 156 0.720720720721
1444 4088 0 156 0.720720720721
1444 3347 0 156 0.720720720721
1444 4342 0 0 0.754754754755
1444 541 0 30 0.720720720721
1444 2693 0 156 0.720720720721
1444 1452 0 573 0.720720720721
701 1659 139 156 0.378378378378
701 263 139 0 0.31031031031
701 820 139 0 0.765765765766
701 1567 139 170 0.84984984985
701 4431 139 407 0.232232232232
701 1571 139 170 0.947947947948
701 4150 139 0 0.213213213213
701 2051 139 739 0.398398398398
701 4152 139 1145 0.236236236236
701 1155 139 156 0.197197197197
701 2436 139 0 0.590590590591
701 2840 139 0 0.560560560561
701 2611 139 739 0.422422422422
701 1186 139 0 0.375375375375
701 2852 139 156 0.700700700701
701 4160 139 0 0.153153153153
701 351 139 139 0.915915915916
701 2629 139 739 0.357357357357
701 1231 139 490 0.454454454454
701 381 139 156 0.881881881882
701 3115 139 0 0.970970970971
2693 1659 156 156 0.606606606607
2693 4544 156 0 0.8998998999
2693 564 156 151 0.8998998999
2693 4451 156 0 0.740740740741
2693 805 156 306 0.914914914915
2693 2716 156 0 0.8998998999
2693 1567 156 170 0.159159159159
2693 1571 156 170 0.159159159159
2693 3626 156 696 0.155155155155
2693 4359 156 0 0.90990990991
2693 1155 156 156 0.808808808809
2693 617 156 156 0.940940940941
2693 2840 156 0 0.740740740741
2693 2743 156 0 0.977977977978
2693 1186 156 0 0.54954954955
2693 2852 156 156 0.615615615616
2693 4160 156 0 0.267267267267
2693 1203 156 41 0.775775775776
2693 2751 156 0 0.676676676677
2693 381 156 156 0.955955955956
2693 4088 156 156 0.91991991992
2693 3347 156 156 0.984984984985
2693 4342 156 0 0.8998998999
2693 541 156 30 0.90990990991
2693 1444 156 0 0.720720720721
1452 4544 573 0 0.737737737738
1452 564 573 151 0.720720720721
1452 805 573 306 0.720720720721
1452 2716 573 0 0.720720720721
1452 617 573 156 0.720720720721
1452 381 573 156 0.720720720721
1452 4088 573 156 0.720720720721
1452 3347 573 156 0.720720720721
1452 4342 573 0 0.720720720721
1452 1444 573 0 0.720720720721
3115 263 0 0 0.224224224224
3115 4451 0 0 0.354354354354
3115 820 0 0 0.46046046046
3115 1567 0 170 0.232232232232
3115 4431 0 407 0.16016016016
3115 1571 0 170 0.232232232232
3115 4150 0 0 0.857857857858
3115 2051 0 739 0.278278278278
3115 4152 0 1145 0.211211211211
3115 1155 0 156 0.602602602603
3115 2840 0 0 0.354354354354
3115 2611 0 739 0.462462462462
3115 1186 0 0 0.354354354354
3115 2852 0 156 0.807807807808
3115 4160 0 0 0.165165165165
3115 351 0 139 0.686686686687
3115 1203 0 41 0.444444444444
3115 2629 0 739 0.44044044044
3115 1231 0 490 0.24024024024
3115 381 0 156 0.85985985986
3115 701 0 139 0.970970970971
