6 2568 0 0 0.259259259259
6 3566 0 680 0.981981981982
6 2767 0 680 0.897897897898
6 4178 0 1148 0.176176176176
6 2778 0 680 0.994994994995
6 1794 0 680 0.997997997998
2568 6 0 0 0.259259259259
2568 3914 0 1099 0.968968968969
2568 1934 0 0 1.0
2568 4294 0 0 0.994994994995
2568 4414 0 0 1.0
2568 3566 0 680 1.0
2568 2767 0 680 1.0
2568 4178 0 1148 0.998998998999
2568 3454 0 1003 0.998998998999
2568 2088 0 752 0.986986986987
2568 4247 0 0 0.955955955956
2568 4560 0 1210 1.0
2568 2778 0 680 1.0
2568 1794 0 680 1.0
3914 2568 1099 0 0.968968968969
3914 1934 1099 0 0.975975975976
3914 4294 1099 0 0.92992992993
3914 4414 1099 0 0.894894894895
3914 3566 1099 680 0.92992992993
3914 2767 1099 680 0.958958958959
3914 4178 1099 1148 0.720720720721
3914 3454 1099 1003 0.997997997998
3914 2088 1099 752 0.982982982983
3914 4247 1099 0 0.72972972973
3914 4560 1099 1210 0.994994994995
3914 2778 1099 680 0.877877877878
3914 1794 1099 680 0.936936936937
1934 2568 0 0 1.0
1934 3914 0 1099 0.975975975976
1934 4294 0 0 1.0
1934 4414 0 0 0.837837837838
1934 3566 0 680 0.983983983984
1934 2767 0 680 0.992992992993
1934 4178 0 1148 0.821821821822
1934 3454 0 1003 0.996996996997
1934 2088 0 752 0.942942942943
1934 4247 0 0 0.720720720721
1934 4560 0 1210 0.958958958959
1934 2778 0 680 0.914914914915
1934 1794 0 680 0.996996996997
4294 2568 0 0 0.994994994995
4294 3914 0 1099 0.92992992993
4294 1934 0 0 1.0
4294 4414 0 0 0.966966966967
4294 3566 0 680 0.92992992993
4294 2767 0 680 0.97997997998
4294 4178 0 1148 0.820820820821
4294 3454 0 1003 0.900900900901
4294 2088 0 752 0.941941941942
4294 4247 0 0 0.720720720721
4294 4560 0 1210 0.976976976977
4294 2778 0 680 0.910910910911
4294 1794 0 680 0.963963963964
4414 2568 0 0 1.0
4414 3914 0 1099 0.894894894895
4414 1934 0 0 0.837837837838
4414 4294 0 0 0.966966966967
4414 3566 0 680 1.0
4414 2767 0 680 1.0
4414 4178 0 1148 0.994994994995
4414 3454 0 1003 0.831831831832
4414 2088 0 752 0.851851851852
4414 4247 0 0 0.973973973974
4414 4560 0 1210 0.967967967968
4414 2778 0 680 0.998998998999
4414 1794 0 680 1.0
3566 6 680 0 0.981981981982
3566 2568 680 0 1.0
3566 3914 680 1099 0.92992992993
3566 1934 680 0 0.983983983984
3566 4294 680 0 0.92992992993
3566 4414 680 0 1.0
3566 2767 680 680 1.0
3566 4178 680 1148 0.985985985986
3566 3454 680 1003 0.998998998999
3566 2088 680 752 0.97997997998
3566 4247 680 0 0.978978978979
3566 4560 680 1210 0.991991991992
3566 2778 680 680 0.997997997998
3566 1794 680 680 1.0
2767 6 680 0 0.897897897898
2767 2568 680 0 1.0
2767 3914 680 1099 0.958958958959
2767 1934 680 0 0.992992992993
2767 4294 680 0 0.97997997998
2767 4414 680 0 1.0
2767 3566 680 680 1.0
2767 4178 680 1148 0.994994994995
2767 3454 680 1003 0.992992992993
2767 2088 680 752 0.984984984985
2767 4247 680 0 0.96996996997
2767 4560 680 1210 0.993993993994
2767 2778 680 680 1.0
2767 1794 680 680 1.0
4178 6 1148 0 0.176176176176
4178 2568 1148 0 0.998998998999
4178 3914 1148 1099 0.720720720721
4178 1934 1148 0 0.821821821822
4178 4294 1148 0 0.820820820821
4178 4414 1148 0 0.994994994995
4178 3566 1148 680 0.985985985986
4178 2767 1148 680 0.994994994995
4178 3454 1148 1003 0.720720720721
4178 2088 1148 752 0.783783783784
4178 4247 1148 0 1.0
4178 4560 1148 1210 0.747747747748
4178 2778 1148 680 0.994994994995
4178 1794 1148 680 0.996996996997
3454 2568 1003 0 0.998998998999
3454 3914 1003 1099 0.997997997998
3454 1934 1003 0 0.996996996997
3454 4294 1003 0 0.900900900901
3454 4414 1003 0 0.831831831832
3454 3566 1003 680 0.998998998999
3454 2767 1003 680 0.992992992993
3454 4178 1003 1148 0.720720720721
3454 2088 1003 752 1.0
3454 4247 1003 0 0.722722722723
3454 4560 1003 1210 0.998998998999
3454 2778 1003 680 0.982982982983
3454 1794 1003 680 0.997997997998
2088 2568 752 0 0.986986986987
2088 3914 752 1099 0.982982982983
2088 1934 752 0 0.942942942943
2088 4294 752 0 0.941941941942
2088 4414 752 0 0.851851851852
2088 3566 752 680 0.97997997998
2088 2767 752 680 0.984984984985
2088 4178 752 1148 0.783783783784
2088 3454 752 1003 1.0
2088 4247 752 0 0.720720720721
2088 4560 752 1210 1.0
2088 2778 752 680 0.990990990991
2088 1794 752 680 0.992992992993
4247 2568 0 0 0.955955955956
4247 3914 0 1099 0.72972972973
4247 1934 0 0 0.720720720721
4247 4294 0 0 0.720720720721
4247 4414 0 0 0.973973973974
4247 3566 0 680 0.978978978979
4247 2767 0 680 0.96996996997
4247 4178 0 1148 1.0
4247 3454 0 1003 0.722722722723
4247 2088 0 752 0.720720720721
4247 4560 0 1210 0.723723723724
4247 2778 0 680 0.981981981982
4247 1794 0 680 0.983983983984
4560 2568 1210 0 1.0
4560 3914 1210 1099 0.994994994995
4560 1934 1210 0 0.958958958959
4560 4294 1210 0 0.976976976977
4560 4414 1210 0 0.967967967968
4560 3566 1210 680 0.991991991992
4560 2767 1210 680 0.993993993994
4560 4178 1210 1148 0.747747747748
4560 3454 1210 1003 0.998998998999
4560 2088 1210 752 1.0
4560 4247 1210 0 0.723723723724
4560 2778 1210 680 0.98998998999
4560 1794 1210 680 0.994994994995
2778 6 680 0 0.994994994995
2778 2568 680 0 1.0
2778 3914 680 1099 0.877877877878
2778 1934 680 0 0.914914914915
2778 4294 680 0 0.910910910911
2778 4414 680 0 0.998998998999
2778 3566 680 680 0.997997997998
2778 2767 680 680 1.0
2778 4178 680 1148 0.994994994995
2778 3454 680 1003 0.982982982983
2778 2088 680 752 0.990990990991
2778 4247 680 0 0.981981981982
2778 4560 680 1210 0.98998998999
2778 1794 680 680 1.0
1794 6 680 0 0.997997997998
1794 2568 680 0 1.0
1794 3914 680 1099 0.936936936937
1794 1934 680 0 0.996996996997
1794 4294 680 0 0.963963963964
1794 4414 680 0 1.0
1794 3566 680 680 1.0
1794 2767 680 680 1.0
1794 4178 680 1148 0.996996996997
1794 3454 680 1003 0.997997997998
1794 2088 680 752 0.992992992993
1794 4247 680 0 0.983983983984
1794 4560 680 1210 0.994994994995
1794 2778 680 680 1.0
