4441 1078 812 415 0.980980980981
4441 1079 812 110 0.96996996997
4441 4672 812 0 0.746746746747
4441 4951 812 0 0.774774774775
4441 2711 812 0 0.964964964965
4441 4947 812 0 0.960960960961
4441 841 812 320 0.885885885886
4441 4475 812 1022 0.738738738739
4441 4949 812 0 0.833833833834
4441 4952 812 13 0.897897897898
4441 3814 812 335 0.944944944945
4441 4919 812 0 0.841841841842
4441 4953 812 0 0.179179179179
4441 4656 812 0 0.734734734735
1078 4441 415 812 0.980980980981
1078 1079 415 110 0.997997997998
1078 4672 415 0 0.895895895896
1078 4951 415 0 0.944944944945
1078 2711 415 0 0.972972972973
1078 4947 415 0 0.974974974975
1078 841 415 320 0.966966966967
1078 4475 415 1022 0.647647647648
1078 4949 415 0 0.968968968969
1078 4952 415 13 0.950950950951
1078 3814 415 335 0.970970970971
1078 4919 415 0 0.925925925926
1078 4953 415 0 0.283283283283
1078 4656 415 0 0.708708708709
1079 4441 110 812 0.96996996997
1079 1078 110 415 0.997997997998
1079 4672 110 0 0.770770770771
1079 4951 110 0 0.67967967968
1079 2711 110 0 0.8998998999
1079 4947 110 0 0.877877877878
1079 841 110 320 0.764764764765
1079 4475 110 1022 0.268268268268
1079 4949 110 0 0.806806806807
1079 4952 110 13 0.881881881882
1079 3814 110 335 0.944944944945
1079 4919 110 0 0.716716716717
1079 4656 110 0 0.501501501502
4672 4441 0 812 0.746746746747
4672 1078 0 415 0.895895895896
4672 1079 0 110 0.770770770771
4672 4951 0 0 0.966966966967
4672 2711 0 0 0.978978978979
4672 4947 0 0 0.978978978979
4672 841 0 320 0.895895895896
4672 4475 0 1022 0.308308308308
4672 4949 0 0 0.978978978979
4672 4952 0 13 0.978978978979
4672 3814 0 335 0.978978978979
4672 4919 0 0 0.970970970971
4672 4953 0 0 0.821821821822
4672 4656 0 0 0.968968968969
4951 4441 0 812 0.774774774775
4951 1078 0 415 0.944944944945
4951 1079 0 110 0.67967967968
4951 4672 0 0 0.966966966967
4951 2711 0 0 0.958958958959
4951 4947 0 0 0.956956956957
4951 841 0 320 0.875875875876
4951 4475 0 1022 0.537537537538
4951 4949 0 0 0.968968968969
4951 4952 0 13 0.972972972973
4951 3814 0 335 0.972972972973
4951 4919 0 0 0.976976976977
4951 4953 0 0 0.641641641642
4951 4656 0 0 0.841841841842
2711 4441 0 812 0.964964964965
2711 1078 0 415 0.972972972973
2711 1079 0 110 0.8998998999
2711 4672 0 0 0.978978978979
2711 4951 0 0 0.958958958959
2711 4947 0 0 0.978978978979
2711 841 0 320 0.978978978979
2711 4475 0 1022 0.925925925926
2711 4949 0 0 0.978978978979
2711 4952 0 13 0.970970970971
2711 3814 0 335 0.978978978979
2711 4919 0 0 0.978978978979
2711 4953 0 0 0.710710710711
2711 4656 0 0 0.944944944945
4947 4441 0 812 0.960960960961
4947 1078 0 415 0.974974974975
4947 1079 0 110 0.877877877878
4947 4672 0 0 0.978978978979
4947 4951 0 0 0.956956956957
4947 2711 0 0 0.978978978979
4947 841 0 320 0.978978978979
4947 4475 0 1022 0.905905905906
4947 4949 0 0 0.978978978979
4947 4952 0 13 0.978978978979
4947 3814 0 335 0.978978978979
4947 4919 0 0 0.978978978979
4947 4953 0 0 0.702702702703
4947 4656 0 0 0.944944944945
841 4441 320 812 0.885885885886
841 1078 320 415 0.966966966967
841 1079 320 110 0.764764764765
841 4672 320 0 0.895895895896
841 4951 320 0 0.875875875876
841 2711 320 0 0.978978978979
841 4947 320 0 0.978978978979
841 4475 320 1022 0.970970970971
841 4949 320 0 0.927927927928
841 4952 320 13 0.966966966967
841 3814 320 335 0.944944944945
841 4919 320 0 0.970970970971
841 4656 320 0 0.8998998999
4475 4441 1022 812 0.738738738739
4475 1078 1022 415 0.647647647648
4475 1079 1022 110 0.268268268268
4475 4672 1022 0 0.308308308308
4475 4951 1022 0 0.537537537538
4475 2711 1022 0 0.925925925926
4475 4947 1022 0 0.905905905906
4475 841 1022 320 0.970970970971
4475 4949 1022 0 0.363363363363
4475 4952 1022 13 0.627627627628
4475 3814 1022 335 0.635635635636
4475 4919 1022 0 0.837837837838
4475 4656 1022 0 0.497497497497
4949 4441 0 812 0.833833833834
4949 1078 0 415 0.968968968969
4949 1079 0 110 0.806806806807
4949 4672 0 0 0.978978978979
4949 4951 0 0 0.968968968969
4949 2711 0 0 0.978978978979
4949 4947 0 0 0.978978978979
4949 841 0 320 0.927927927928
4949 4475 0 1022 0.363363363363
4949 4952 0 13 0.978978978979
4949 3814 0 335 0.978978978979
4949 4919 0 0 0.978978978979
4949 4953 0 0 0.835835835836
4949 4656 0 0 0.976976976977
4952 4441 13 812 0.897897897898
4952 1078 13 415 0.950950950951
4952 1079 13 110 0.881881881882
4952 4672 13 0 0.978978978979
4952 4951 13 0 0.972972972973
4952 2711 13 0 0.970970970971
4952 4947 13 0 0.978978978979
4952 841 13 320 0.966966966967
4952 4475 13 1022 0.627627627628
4952 4949 13 0 0.978978978979
4952 3814 13 335 0.978978978979
4952 4919 13 0 0.978978978979
4952 4953 13 0 0.716716716717
4952 4656 13 0 0.948948948949
3814 4441 335 812 0.944944944945
3814 1078 335 415 0.970970970971
3814 1079 335 110 0.944944944945
3814 4672 335 0 0.978978978979
3814 4951 335 0 0.972972972973
3814 2711 335 0 0.978978978979
3814 4947 335 0 0.978978978979
3814 841 335 320 0.944944944945
3814 4475 335 1022 0.635635635636
3814 4949 335 0 0.978978978979
3814 4952 335 13 0.978978978979
3814 4919 335 0 0.978978978979
3814 4953 335 0 0.708708708709
3814 4656 335 0 0.944944944945
4919 4441 0 812 0.841841841842
4919 1078 0 415 0.925925925926
4919 1079 0 110 0.716716716717
4919 4672 0 0 0.970970970971
4919 4951 0 0 0.976976976977
4919 2711 0 0 0.978978978979
4919 4947 0 0 0.978978978979
4919 841 0 320 0.970970970971
4919 4475 0 1022 0.837837837838
4919 4949 0 0 0.978978978979
4919 4952 0 13 0.978978978979
4919 3814 0 335 0.978978978979
4919 4953 0 0 0.593593593594
4919 4656 0 0 0.978978978979
4953 4441 0 812 0.179179179179
4953 1078 0 415 0.283283283283
4953 4672 0 0 0.821821821822
4953 4951 0 0 0.641641641642
4953 2711 0 0 0.710710710711
4953 4947 0 0 0.702702702703
4953 4949 0 0 0.835835835836
4953 4952 0 13 0.716716716717
4953 3814 0 335 0.708708708709
4953 4919 0 0 0.593593593594
4953 4656 0 0 0.710710710711
4656 4441 0 812 0.734734734735
4656 1078 0 415 0.708708708709
4656 1079 0 110 0.501501501502
4656 4672 0 0 0.968968968969
4656 4951 0 0 0.841841841842
4656 2711 0 0 0.944944944945
4656 4947 0 0 0.944944944945
4656 841 0 320 0.8998998999
4656 4475 0 1022 0.497497497497
4656 4949 0 0 0.976976976977
4656 4952 0 13 0.948948948949
4656 3814 0 335 0.944944944945
4656 4919 0 0 0.978978978979
4656 4953 0 0 0.710710710711
