580 936 0 0 0.778778778779
580 3801 0 0 0.574574574575
580 4456 0 1200 0.934934934935
580 4143 0 117 0.593593593594
580 133 0 0 0.938938938939
580 1392 0 0 0.265265265265
580 1395 0 562 0.90990990991
580 3815 0 117 0.885885885886
580 61 0 24 0.517517517518
580 4268 0 1176 0.995995995996
580 4176 0 117 0.552552552553
580 4042 0 265 0.236236236236
580 1443 0 108 0.814814814815
580 3386 0 61 0.578578578579
936 580 0 0 0.778778778779
936 4456 0 1200 0.806806806807
936 4143 0 117 0.724724724725
936 1392 0 0 0.364364364364
936 1395 0 562 0.643643643644
936 3815 0 117 0.76976976977
936 4268 0 1176 0.750750750751
936 4042 0 265 0.227227227227
936 1443 0 108 0.84984984985
936 4468 0 1201 0.364364364364
936 3386 0 61 0.227227227227
3801 580 0 0 0.574574574575
3801 4456 0 1200 0.984984984985
3801 4143 0 117 0.558558558559
3801 133 0 0 0.983983983984
3801 3431 0 41 0.51951951952
3801 3815 0 117 0.565565565566
3801 4122 0 0 0.920920920921
3801 61 0 24 0.903903903904
3801 4268 0 1176 0.498498498498
3801 4176 0 117 0.761761761762
3801 4042 0 265 0.186186186186
3801 1443 0 108 0.548548548549
4456 580 1200 0 0.934934934935
4456 936 1200 0 0.806806806807
4456 3801 1200 0 0.984984984985
4456 4143 1200 117 0.981981981982
4456 133 1200 0 0.994994994995
4456 1395 1200 562 0.982982982983
4456 3431 1200 41 0.945945945946
4456 3815 1200 117 0.97997997998
4456 4122 1200 0 0.986986986987
4456 61 1200 24 0.988988988989
4456 4268 1200 1176 0.873873873874
4456 4176 1200 117 0.977977977978
4456 4042 1200 265 0.628628628629
4456 1443 1200 108 0.983983983984
4456 4468 1200 1201 0.694694694695
4456 3386 1200 61 0.955955955956
4143 580 117 0 0.593593593594
4143 936 117 0 0.724724724725
4143 3801 117 0 0.558558558559
4143 4456 117 1200 0.981981981982
4143 133 117 0 0.967967967968
4143 1392 117 0 0.752752752753
4143 1395 117 562 0.993993993994
4143 3431 117 41 0.953953953954
4143 3815 117 117 0.995995995996
4143 4122 117 0 0.950950950951
4143 61 117 24 0.947947947948
4143 4268 117 1176 0.860860860861
4143 4176 117 117 0.998998998999
4143 4042 117 265 0.685685685686
4143 1443 117 108 0.983983983984
4143 4468 117 1201 0.828828828829
4143 3386 117 61 0.946946946947
133 580 0 0 0.938938938939
133 3801 0 0 0.983983983984
133 4456 0 1200 0.994994994995
133 4143 0 117 0.967967967968
133 1392 0 0 0.233233233233
133 1395 0 562 0.984984984985
133 3431 0 41 0.945945945946
133 3815 0 117 0.958958958959
133 4122 0 0 0.945945945946
133 61 0 24 0.947947947948
133 4268 0 1176 0.894894894895
133 4176 0 117 0.955955955956
133 4042 0 265 0.358358358358
133 1443 0 108 0.945945945946
133 4468 0 1201 0.414414414414
133 3386 0 61 0.947947947948
1392 580 0 0 0.265265265265
1392 936 0 0 0.364364364364
1392 4143 0 117 0.752752752753
1392 133 0 0 0.233233233233
1392 1395 0 562 0.906906906907
1392 3431 0 41 0.744744744745
1392 3815 0 117 0.219219219219
1392 4268 0 1176 0.414414414414
1392 4176 0 117 0.595595595596
1392 4042 0 265 0.812812812813
1392 1443 0 108 0.225225225225
1392 4468 0 1201 0.157157157157
1392 3386 0 61 0.458458458458
1395 580 562 0 0.90990990991
1395 936 562 0 0.643643643644
1395 4456 562 1200 0.982982982983
1395 4143 562 117 0.993993993994
1395 133 562 0 0.984984984985
1395 1392 562 0 0.906906906907
1395 3431 562 41 0.973973973974
1395 3815 562 117 0.991991991992
1395 4122 562 0 0.945945945946
1395 61 562 24 0.94994994995
1395 4268 562 1176 0.8998998999
1395 4176 562 117 0.988988988989
1395 4042 562 265 0.760760760761
1395 1443 562 108 0.973973973974
1395 4468 562 1201 0.75975975976
1395 3386 562 61 0.98998998999
3431 3801 41 0 0.51951951952
3431 4456 41 1200 0.945945945946
3431 4143 41 117 0.953953953954
3431 133 41 0 0.945945945946
3431 1392 41 0 0.744744744745
3431 1395 41 562 0.973973973974
3431 3815 41 117 0.947947947948
3431 4122 41 0 0.948948948949
3431 61 41 24 0.946946946947
3431 4268 41 1176 0.504504504505
3431 4176 41 117 0.945945945946
3431 4042 41 265 0.457457457457
3431 1443 41 108 0.94994994995
3431 3386 41 61 0.954954954955
3815 580 117 0 0.885885885886
3815 936 117 0 0.76976976977
3815 3801 117 0 0.565565565566
3815 4456 117 1200 0.97997997998
3815 4143 117 117 0.995995995996
3815 133 117 0 0.958958958959
3815 1392 117 0 0.219219219219
3815 1395 117 562 0.991991991992
3815 3431 117 41 0.947947947948
3815 4122 117 0 0.947947947948
3815 61 117 24 0.947947947948
3815 4268 117 1176 0.898898898899
3815 4176 117 117 0.997997997998
3815 4042 117 265 0.607607607608
3815 1443 117 108 0.987987987988
3815 4468 117 1201 0.76976976977
3815 3386 117 61 0.962962962963
4122 3801 0 0 0.920920920921
4122 4456 0 1200 0.986986986987
4122 4143 0 117 0.950950950951
4122 133 0 0 0.945945945946
4122 1395 0 562 0.945945945946
4122 3431 0 41 0.948948948949
4122 3815 0 117 0.947947947948
4122 61 0 24 0.974974974975
4122 4176 0 117 0.94994994995
4122 1443 0 108 0.947947947948
4122 3386 0 61 0.945945945946
61 580 24 0 0.517517517518
61 3801 24 0 0.903903903904
61 4456 24 1200 0.988988988989
61 4143 24 117 0.947947947948
61 133 24 0 0.947947947948
61 1395 24 562 0.94994994995
61 3431 24 41 0.946946946947
61 3815 24 117 0.947947947948
61 4122 24 0 0.974974974975
61 4268 24 1176 0.503503503504
61 4176 24 117 0.948948948949
61 1443 24 108 0.945945945946
61 3386 24 61 0.945945945946
4268 580 1176 0 0.995995995996
4268 936 1176 0 0.750750750751
4268 3801 1176 0 0.498498498498
4268 4456 1176 1200 0.873873873874
4268 4143 1176 117 0.860860860861
4268 133 1176 0 0.894894894895
4268 1392 1176 0 0.414414414414
4268 1395 1176 562 0.8998998999
4268 3431 1176 41 0.504504504505
4268 3815 1176 117 0.898898898899
4268 61 1176 24 0.503503503504
4268 4176 1176 117 0.791791791792
4268 4042 1176 265 0.716716716717
4268 1443 1176 108 0.846846846847
4268 3386 1176 61 0.592592592593
4176 580 117 0 0.552552552553
4176 3801 117 0 0.761761761762
4176 4456 117 1200 0.977977977978
4176 4143 117 117 0.998998998999
4176 133 117 0 0.955955955956
4176 1392 117 0 0.595595595596
4176 1395 117 562 0.988988988989
4176 3431 117 41 0.945945945946
4176 3815 117 117 0.997997997998
4176 4122 117 0 0.94994994995
4176 61 117 24 0.948948948949
4176 4268 117 1176 0.791791791792
4176 4042 117 265 0.665665665666
4176 1443 117 108 0.973973973974
4176 4468 117 1201 0.740740740741
4176 3386 117 61 0.953953953954
4042 580 265 0 0.236236236236
4042 936 265 0 0.227227227227
4042 3801 265 0 0.186186186186
4042 4456 265 1200 0.628628628629
4042 4143 265 117 0.685685685686
4042 133 265 0 0.358358358358
4042 1392 265 0 0.812812812813
4042 1395 265 562 0.760760760761
4042 3431 265 41 0.457457457457
4042 3815 265 117 0.607607607608
4042 4268 265 1176 0.716716716717
4042 4176 265 117 0.665665665666
4042 1443 265 108 0.597597597598
4042 4468 265 1201 0.757757757758
4042 3386 265 61 0.750750750751
1443 580 108 0 0.814814814815
1443 936 108 0 0.84984984985
1443 3801 108 0 0.548548548549
1443 4456 108 1200 0.983983983984
1443 4143 108 117 0.983983983984
1443 133 108 0 0.945945945946
1443 1392 108 0 0.225225225225
1443 1395 108 562 0.973973973974
1443 3431 108 41 0.94994994995
1443 3815 108 117 0.987987987988
1443 4122 108 0 0.947947947948
1443 61 108 24 0.945945945946
1443 4268 108 1176 0.846846846847
1443 4176 108 117 0.973973973974
1443 4042 108 265 0.597597597598
1443 4468 108 1201 0.227227227227
1443 3386 108 61 0.966966966967
4468 936 1201 0 0.364364364364
4468 4456 1201 1200 0.694694694695
4468 4143 1201 117 0.828828828829
4468 133 1201 0 0.414414414414
4468 1392 1201 0 0.157157157157
4468 1395 1201 562 0.75975975976
4468 3815 1201 117 0.76976976977
4468 4176 1201 117 0.740740740741
4468 4042 1201 265 0.757757757758
4468 1443 1201 108 0.227227227227
4468 3386 1201 61 0.224224224224
3386 580 61 0 0.578578578579
3386 936 61 0 0.227227227227
3386 4456 61 1200 0.955955955956
3386 4143 61 117 0.946946946947
3386 133 61 0 0.947947947948
3386 1392 61 0 0.458458458458
3386 1395 61 562 0.98998998999
3386 3431 61 41 0.954954954955
3386 3815 61 117 0.962962962963
3386 4122 61 0 0.945945945946
3386 61 61 24 0.945945945946
3386 4268 61 1176 0.592592592593
3386 4176 61 117 0.953953953954
3386 4042 61 265 0.750750750751
3386 1443 61 108 0.966966966967
3386 4468 61 1201 0.224224224224
