563 1366 79 258 0.363363363363
563 3912 79 79 0.627627627628
563 4429 79 1010 0.373373373373
563 4749 79 720 0.614614614615
563 4453 79 288 0.389389389389
563 2816 79 79 0.42042042042
563 2219 79 796 0.736736736737
563 2597 79 730 0.948948948949
563 2285 79 288 0.891891891892
563 2295 79 288 0.289289289289
563 867 79 331 0.792792792793
563 4177 79 0 0.232232232232
563 1893 79 705 0.548548548549
563 905 79 349 0.288288288288
563 4374 79 1188 0.615615615616
1366 563 258 79 0.363363363363
1366 3912 258 79 0.368368368368
1366 4749 258 720 0.592592592593
1366 4453 258 288 0.61961961962
1366 2816 258 79 0.189189189189
1366 2219 258 796 0.831831831832
1366 2597 258 730 0.334334334334
1366 2285 258 288 0.837837837838
1366 867 258 331 0.530530530531
1366 4556 258 0 0.951951951952
1366 4177 258 0 0.570570570571
1366 4746 258 0 0.168168168168
1366 1893 258 705 0.670670670671
3912 563 79 79 0.627627627628
3912 1366 79 258 0.368368368368
3912 4749 79 720 0.521521521522
3912 4453 79 288 0.931931931932
3912 2816 79 79 0.718718718719
3912 2219 79 796 0.988988988989
3912 2597 79 730 0.997997997998
3912 2285 79 288 1.0
3912 2295 79 288 0.774774774775
3912 867 79 331 0.553553553554
3912 4556 79 0 0.176176176176
3912 653 79 79 0.580580580581
3912 4177 79 0 0.597597597598
3912 4746 79 0 0.224224224224
3912 1893 79 705 0.937937937938
3912 905 79 349 0.691691691692
3912 4643 79 0 0.21021021021
4429 563 1010 79 0.373373373373
4429 4453 1010 288 0.237237237237
4429 2816 1010 79 0.351351351351
4429 2219 1010 796 0.692692692693
4429 2597 1010 730 0.657657657658
4429 2285 1010 288 0.491491491491
4429 2295 1010 288 0.237237237237
4429 867 1010 331 0.152152152152
4429 4177 1010 0 0.184184184184
4429 1893 1010 705 0.467467467467
4429 4374 1010 1188 0.285285285285
4749 563 720 79 0.614614614615
4749 1366 720 258 0.592592592593
4749 3912 720 79 0.521521521522
4749 4453 720 288 0.48048048048
4749 2816 720 79 0.213213213213
4749 2219 720 796 0.578578578579
4749 2597 720 730 0.548548548549
4749 2285 720 288 0.58958958959
4749 2295 720 288 0.54954954955
4749 867 720 331 0.546546546547
4749 653 720 79 0.304304304304
4749 4374 720 1188 0.546546546547
4453 563 288 79 0.389389389389
4453 1366 288 258 0.61961961962
4453 3912 288 79 0.931931931932
4453 4429 288 1010 0.237237237237
4453 4749 288 720 0.48048048048
4453 2816 288 79 0.648648648649
4453 2219 288 796 0.933933933934
4453 2597 288 730 0.977977977978
4453 2285 288 288 0.867867867868
4453 2295 288 288 0.867867867868
4453 867 288 331 0.575575575576
4453 4556 288 0 0.894894894895
4453 4177 288 0 0.417417417417
4453 4746 288 0 0.23023023023
4453 1893 288 705 0.927927927928
4453 905 288 349 0.541541541542
2816 563 79 79 0.42042042042
2816 1366 79 258 0.189189189189
2816 3912 79 79 0.718718718719
2816 4429 79 1010 0.351351351351
2816 4749 79 720 0.213213213213
2816 4453 79 288 0.648648648649
2816 2219 79 796 0.803803803804
2816 2597 79 730 0.631631631632
2816 2285 79 288 0.98998998999
2816 2295 79 288 0.987987987988
2816 867 79 331 0.193193193193
2816 653 79 79 0.583583583584
2816 4177 79 0 0.305305305305
2816 4746 79 0 0.221221221221
2816 1893 79 705 0.512512512513
2219 563 796 79 0.736736736737
2219 1366 796 258 0.831831831832
2219 3912 796 79 0.988988988989
2219 4429 796 1010 0.692692692693
2219 4749 796 720 0.578578578579
2219 4453 796 288 0.933933933934
2219 2816 796 79 0.803803803804
2219 2597 796 730 0.921921921922
2219 2285 796 288 1.0
2219 2295 796 288 0.871871871872
2219 867 796 331 0.68968968969
2219 4556 796 0 0.4004004004
2219 653 796 79 0.304304304304
2219 4177 796 0 0.893893893894
2219 4746 796 0 0.21021021021
2219 1893 796 705 0.968968968969
2219 905 796 349 0.36036036036
2219 4374 796 1188 0.717717717718
2219 4643 796 0 0.617617617618
2597 563 730 79 0.948948948949
2597 1366 730 258 0.334334334334
2597 3912 730 79 0.997997997998
2597 4429 730 1010 0.657657657658
2597 4749 730 720 0.548548548549
2597 4453 730 288 0.977977977978
2597 2816 730 79 0.631631631632
2597 2219 730 796 0.921921921922
2597 2285 730 288 1.0
2597 867 730 331 0.897897897898
2597 4556 730 0 0.18018018018
2597 653 730 79 0.242242242242
2597 4177 730 0 0.303303303303
2597 4746 730 0 0.168168168168
2597 1893 730 705 0.970970970971
2597 905 730 349 0.416416416416
2597 4374 730 1188 0.175175175175
2597 4643 730 0 0.576576576577
2285 563 288 79 0.891891891892
2285 1366 288 258 0.837837837838
2285 3912 288 79 1.0
2285 4429 288 1010 0.491491491491
2285 4749 288 720 0.58958958959
2285 4453 288 288 0.867867867868
2285 2816 288 79 0.98998998999
2285 2219 288 796 1.0
2285 2597 288 730 1.0
2285 2295 288 288 0.82982982983
2285 867 288 331 0.926926926927
2285 4556 288 0 0.904904904905
2285 653 288 79 0.621621621622
2285 4177 288 0 0.883883883884
2285 4746 288 0 0.85985985986
2285 1893 288 705 0.984984984985
2285 905 288 349 0.592592592593
2285 4374 288 1188 0.2002002002
2285 4643 288 0 0.84984984985
2295 563 288 79 0.289289289289
2295 3912 288 79 0.774774774775
2295 4429 288 1010 0.237237237237
2295 4749 288 720 0.54954954955
2295 4453 288 288 0.867867867868
2295 2816 288 79 0.987987987988
2295 2219 288 796 0.871871871872
2295 2285 288 288 0.82982982983
2295 653 288 79 0.43043043043
2295 1893 288 705 0.875875875876
2295 905 288 349 0.53953953954
867 563 331 79 0.792792792793
867 1366 331 258 0.530530530531
867 3912 331 79 0.553553553554
867 4429 331 1010 0.152152152152
867 4749 331 720 0.546546546547
867 4453 331 288 0.575575575576
867 2816 331 79 0.193193193193
867 2219 331 796 0.68968968969
867 2597 331 730 0.897897897898
867 2285 331 288 0.926926926927
867 4556 331 0 0.234234234234
867 653 331 79 0.592592592593
867 4746 331 0 0.234234234234
867 1893 331 705 0.766766766767
867 905 331 349 0.627627627628
867 4374 331 1188 0.692692692693
4556 1366 0 258 0.951951951952
4556 3912 0 79 0.176176176176
4556 4453 0 288 0.894894894895
4556 2219 0 796 0.4004004004
4556 2597 0 730 0.18018018018
4556 2285 0 288 0.904904904905
4556 867 0 331 0.234234234234
4556 1893 0 705 0.906906906907
4556 4643 0 0 0.851851851852
653 3912 79 79 0.580580580581
653 4749 79 720 0.304304304304
653 2816 79 79 0.583583583584
653 2219 79 796 0.304304304304
653 2597 79 730 0.242242242242
653 2285 79 288 0.621621621622
653 2295 79 288 0.43043043043
653 867 79 331 0.592592592593
653 1893 79 705 0.304304304304
653 4374 79 1188 0.175175175175
4177 563 0 79 0.232232232232
4177 1366 0 258 0.570570570571
4177 3912 0 79 0.597597597598
4177 4429 0 1010 0.184184184184
4177 4453 0 288 0.417417417417
4177 2816 0 79 0.305305305305
4177 2219 0 796 0.893893893894
4177 2597 0 730 0.303303303303
4177 2285 0 288 0.883883883884
4177 1893 0 705 0.277277277277
4177 905 0 349 0.168168168168
4177 4374 0 1188 0.257257257257
4177 4643 0 0 0.544544544545
4746 1366 0 258 0.168168168168
4746 3912 0 79 0.224224224224
4746 4453 0 288 0.23023023023
4746 2816 0 79 0.221221221221
4746 2219 0 796 0.21021021021
4746 2597 0 730 0.168168168168
4746 2285 0 288 0.85985985986
4746 867 0 331 0.234234234234
4746 1893 0 705 0.226226226226
4746 905 0 349 0.455455455455
1893 563 705 79 0.548548548549
1893 1366 705 258 0.670670670671
1893 3912 705 79 0.937937937938
1893 4429 705 1010 0.467467467467
1893 4453 705 288 0.927927927928
1893 2816 705 79 0.512512512513
1893 2219 705 796 0.968968968969
1893 2597 705 730 0.970970970971
1893 2285 705 288 0.984984984985
1893 2295 705 288 0.875875875876
1893 867 705 331 0.766766766767
1893 4556 705 0 0.906906906907
1893 653 705 79 0.304304304304
1893 4177 705 0 0.277277277277
1893 4746 705 0 0.226226226226
1893 4374 705 1188 0.67967967968
1893 4643 705 0 0.765765765766
905 563 349 79 0.288288288288
905 3912 349 79 0.691691691692
905 4453 349 288 0.541541541542
905 2219 349 796 0.36036036036
905 2597 349 730 0.416416416416
905 2285 349 288 0.592592592593
905 2295 349 288 0.53953953954
905 867 349 331 0.627627627628
905 4177 349 0 0.168168168168
905 4746 349 0 0.455455455455
905 4374 349 1188 0.301301301301
4374 563 1188 79 0.615615615616
4374 4429 1188 1010 0.285285285285
4374 4749 1188 720 0.546546546547
4374 2219 1188 796 0.717717717718
4374 2597 1188 730 0.175175175175
4374 2285 1188 288 0.2002002002
4374 867 1188 331 0.692692692693
4374 653 1188 79 0.175175175175
4374 4177 1188 0 0.257257257257
4374 1893 1188 705 0.67967967968
4374 905 1188 349 0.301301301301
4374 4643 1188 0 0.773773773774
4643 3912 0 79 0.21021021021
4643 2219 0 796 0.617617617618
4643 2597 0 730 0.576576576577
4643 2285 0 288 0.84984984985
4643 4556 0 0 0.851851851852
4643 4177 0 0 0.544544544545
4643 1893 0 705 0.765765765766
4643 4374 0 1188 0.773773773774
