2701 3619 0 0 0.933933933934
2701 1912 0 0 0.911911911912
2701 3730 0 0 0.978978978979
2701 4724 0 0 0.968968968969
2701 3552 0 0 0.758758758759
2701 1103 0 0 0.8998998999
2701 591 0 0 0.920920920921
2701 3858 0 0 0.905905905906
2701 4730 0 0 0.984984984985
2701 4433 0 0 0.8998998999
2701 2836 0 259 0.905905905906
2701 2603 0 0 0.905905905906
2701 4566 0 0 0.8998998999
2701 2848 0 7 0.720720720721
2701 2061 0 743 0.8998998999
2701 1416 0 0 0.8998998999
2701 1243 0 0 0.931931931932
2701 55 0 0 0.994994994995
2701 3926 0 0 0.95995995996
2701 2657 0 0 0.8998998999
2701 666 0 0 0.8998998999
2701 2009 0 0 0.916916916917
2701 771 0 0 0.8998998999
2701 4650 0 0 0.980980980981
2701 4664 0 0 0.8998998999
2701 4747 0 184 0.8998998999
2701 2018 0 0 0.708708708709
2701 4550 0 0 0.905905905906
2701 1439 0 0 0.984984984985
2701 2021 0 0 0.8998998999
2701 2687 0 0 0.933933933934
2701 4824 0 0 0.855855855856
2701 76 0 0 0.8998998999
2701 4805 0 0 0.855855855856
2701 2979 0 0 0.720720720721
2701 4510 0 0 0.8998998999
2701 2691 0 0 0.8998998999
2701 4696 0 0 0.922922922923
2701 428 0 0 0.8998998999
2701 431 0 0 0.905905905906
2701 783 0 0 0.916916916917
3619 2701 0 0 0.933933933934
3619 1912 0 0 0.907907907908
3619 3730 0 0 0.918918918919
3619 4724 0 0 0.978978978979
3619 3552 0 0 0.4004004004
3619 1103 0 0 0.8998998999
3619 591 0 0 0.907907907908
3619 3858 0 0 0.8998998999
3619 4730 0 0 0.932932932933
3619 4433 0 0 0.967967967968
3619 2836 0 259 0.911911911912
3619 2603 0 0 0.8998998999
3619 4566 0 0 0.8998998999
3619 2848 0 7 0.720720720721
3619 2061 0 743 0.8998998999
3619 1416 0 0 0.8998998999
3619 1243 0 0 0.8998998999
3619 55 0 0 0.916916916917
3619 3926 0 0 0.991991991992
3619 2657 0 0 0.8998998999
3619 666 0 0 0.8998998999
3619 2009 0 0 0.973973973974
3619 771 0 0 0.8998998999
3619 4650 0 0 0.8998998999
3619 4664 0 0 0.8998998999
3619 4747 0 184 0.8998998999
3619 2018 0 0 0.176176176176
3619 4550 0 0 0.8998998999
3619 1439 0 0 0.92992992993
3619 2021 0 0 0.8998998999
3619 2687 0 0 0.985985985986
3619 4824 0 0 0.347347347347
3619 76 0 0 0.8998998999
3619 4805 0 0 0.366366366366
3619 2979 0 0 0.720720720721
3619 4510 0 0 0.8998998999
3619 2691 0 0 0.8998998999
3619 4696 0 0 0.942942942943
3619 428 0 0 0.8998998999
3619 431 0 0 0.910910910911
3619 783 0 0 0.911911911912
1912 2701 0 0 0.911911911912
1912 3619 0 0 0.907907907908
1912 3730 0 0 0.905905905906
1912 4724 0 0 0.8998998999
1912 1103 0 0 0.8998998999
1912 591 0 0 0.8998998999
1912 3858 0 0 0.8998998999
1912 4730 0 0 0.8998998999
1912 4433 0 0 0.8998998999
1912 2836 0 259 0.908908908909
1912 2603 0 0 0.907907907908
1912 4566 0 0 0.908908908909
1912 2848 0 7 0.720720720721
1912 2061 0 743 0.8998998999
1912 1416 0 0 0.8998998999
1912 1243 0 0 0.922922922923
1912 55 0 0 0.8998998999
1912 3926 0 0 0.904904904905
1912 2657 0 0 0.8998998999
1912 666 0 0 0.904904904905
1912 2009 0 0 0.8998998999
1912 771 0 0 0.910910910911
1912 4650 0 0 0.8998998999
1912 4664 0 0 0.8998998999
1912 4747 0 184 0.8998998999
1912 4550 0 0 0.982982982983
1912 1439 0 0 0.8998998999
1912 2021 0 0 0.911911911912
1912 2687 0 0 0.907907907908
1912 76 0 0 0.980980980981
1912 2979 0 0 0.720720720721
1912 4510 0 0 0.8998998999
1912 2691 0 0 0.8998998999
1912 4696 0 0 0.8998998999
1912 428 0 0 0.8998998999
1912 431 0 0 0.8998998999
1912 783 0 0 0.8998998999
3730 2701 0 0 0.978978978979
3730 3619 0 0 0.918918918919
3730 1912 0 0 0.905905905906
3730 4724 0 0 0.950950950951
3730 3552 0 0 0.750750750751
3730 1103 0 0 0.904904904905
3730 591 0 0 0.948948948949
3730 3858 0 0 0.8998998999
3730 4730 0 0 0.978978978979
3730 4433 0 0 0.8998998999
3730 2836 0 259 0.933933933934
3730 2603 0 0 0.90990990991
3730 4566 0 0 0.8998998999
3730 2848 0 7 0.940940940941
3730 2061 0 743 0.901901901902
3730 1416 0 0 0.8998998999
3730 1243 0 0 0.978978978979
3730 55 0 0 1.0
3730 3926 0 0 0.948948948949
3730 2657 0 0 0.8998998999
3730 666 0 0 0.905905905906
3730 2009 0 0 0.911911911912
3730 771 0 0 0.927927927928
3730 4650 0 0 0.980980980981
3730 4664 0 0 0.8998998999
3730 4747 0 184 0.8998998999
3730 2018 0 0 0.947947947948
3730 4550 0 0 0.8998998999
3730 1439 0 0 0.975975975976
3730 2021 0 0 0.978978978979
3730 2687 0 0 0.927927927928
3730 4824 0 0 0.758758758759
3730 76 0 0 0.8998998999
3730 4805 0 0 0.798798798799
3730 2979 0 0 0.720720720721
3730 4510 0 0 0.8998998999
3730 2691 0 0 0.8998998999
3730 4696 0 0 0.916916916917
3730 428 0 0 0.8998998999
3730 431 0 0 0.911911911912
3730 783 0 0 0.954954954955
4724 2701 0 0 0.968968968969
4724 3619 0 0 0.978978978979
4724 1912 0 0 0.8998998999
4724 3730 0 0 0.950950950951
4724 3552 0 0 0.710710710711
4724 1103 0 0 0.900900900901
4724 591 0 0 0.918918918919
4724 3858 0 0 0.8998998999
4724 4730 0 0 0.966966966967
4724 4433 0 0 0.983983983984
4724 2836 0 259 0.930930930931
4724 2603 0 0 0.8998998999
4724 4566 0 0 0.905905905906
4724 2848 0 7 0.738738738739
4724 2061 0 743 0.8998998999
4724 1416 0 0 0.8998998999
4724 1243 0 0 0.905905905906
4724 55 0 0 0.942942942943
4724 3926 0 0 0.987987987988
4724 2657 0 0 0.8998998999
4724 666 0 0 0.8998998999
4724 2009 0 0 0.982982982983
4724 771 0 0 0.911911911912
4724 4650 0 0 0.8998998999
4724 4664 0 0 0.8998998999
4724 4747 0 184 0.8998998999
4724 2018 0 0 0.377377377377
4724 4550 0 0 0.8998998999
4724 1439 0 0 0.95995995996
4724 2021 0 0 0.8998998999
4724 2687 0 0 0.974974974975
4724 4824 0 0 0.627627627628
4724 76 0 0 0.981981981982
4724 4805 0 0 0.66966966967
4724 2979 0 0 0.720720720721
4724 4510 0 0 0.905905905906
4724 2691 0 0 0.914914914915
4724 4696 0 0 0.987987987988
4724 428 0 0 0.8998998999
4724 431 0 0 0.917917917918
4724 783 0 0 0.905905905906
3552 2701 0 0 0.758758758759
3552 3619 0 0 0.4004004004
3552 3730 0 0 0.750750750751
3552 4724 0 0 0.710710710711
3552 591 0 0 0.21021021021
3552 4730 0 0 0.756756756757
3552 1416 0 0 0.196196196196
3552 55 0 0 0.758758758759
3552 3926 0 0 0.683683683684
3552 2009 0 0 0.223223223223
3552 2018 0 0 0.517517517518
3552 4550 0 0 0.235235235235
3552 1439 0 0 0.754754754755
3552 2687 0 0 0.435435435435
3552 4824 0 0 0.754754754755
3552 4805 0 0 0.756756756757
3552 4696 0 0 0.347347347347
3552 783 0 0 0.221221221221
1103 2701 0 0 0.8998998999
1103 3619 0 0 0.8998998999
1103 1912 0 0 0.8998998999
1103 3730 0 0 0.904904904905
1103 4724 0 0 0.900900900901
1103 591 0 0 0.995995995996
1103 3858 0 0 0.8998998999
1103 4730 0 0 0.8998998999
1103 4433 0 0 0.984984984985
1103 2836 0 259 0.964964964965
1103 2603 0 0 0.8998998999
1103 4566 0 0 0.907907907908
1103 2848 0 7 1.0
1103 2061 0 743 0.985985985986
1103 1416 0 0 0.961961961962
1103 1243 0 0 1.0
1103 55 0 0 0.8998998999
1103 3926 0 0 0.912912912913
1103 2657 0 0 0.931931931932
1103 666 0 0 0.942942942943
1103 2009 0 0 0.900900900901
1103 771 0 0 1.0
1103 4650 0 0 0.8998998999
1103 4664 0 0 0.8998998999
1103 4747 0 184 0.945945945946
1103 2018 0 0 0.621621621622
1103 4550 0 0 0.918918918919
1103 3088 0 0 0.651651651652
1103 1439 0 0 0.900900900901
1103 2021 0 0 0.983983983984
1103 2687 0 0 0.906906906907
1103 76 0 0 1.0
1103 2979 0 0 0.720720720721
1103 4510 0 0 1.0
1103 2691 0 0 0.974974974975
1103 4696 0 0 0.901901901902
1103 428 0 0 0.945945945946
1103 431 0 0 0.965965965966
1103 783 0 0 0.902902902903
591 2701 0 0 0.920920920921
591 3619 0 0 0.907907907908
591 1912 0 0 0.8998998999
591 3730 0 0 0.948948948949
591 4724 0 0 0.918918918919
591 3552 0 0 0.21021021021
591 1103 0 0 0.995995995996
591 3858 0 0 0.983983983984
591 4730 0 0 0.912912912913
591 4433 0 0 0.968968968969
591 2836 0 259 0.964964964965
591 2603 0 0 0.971971971972
591 4566 0 0 0.911911911912
591 2848 0 7 0.96996996997
591 2061 0 743 1.0
591 1416 0 0 0.964964964965
591 1243 0 0 0.987987987988
591 55 0 0 0.941941941942
591 3926 0 0 0.948948948949
591 2657 0 0 0.8998998999
591 666 0 0 0.998998998999
591 2009 0 0 0.973973973974
591 771 0 0 0.945945945946
591 4650 0 0 1.0
591 4664 0 0 0.978978978979
591 4747 0 184 0.962962962963
591 2018 0 0 0.800800800801
591 4550 0 0 0.905905905906
591 3088 0 0 0.722722722723
591 1439 0 0 0.911911911912
591 2021 0 0 0.996996996997
591 2687 0 0 0.907907907908
591 4824 0 0 0.456456456456
591 76 0 0 0.997997997998
591 4805 0 0 0.177177177177
591 2979 0 0 0.75975975976
591 4510 0 0 0.988988988989
591 2691 0 0 0.994994994995
591 4696 0 0 0.917917917918
591 428 0 0 0.945945945946
591 431 0 0 0.971971971972
591 783 0 0 0.923923923924
3858 2701 0 0 0.905905905906
3858 3619 0 0 0.8998998999
3858 1912 0 0 0.8998998999
3858 3730 0 0 0.8998998999
3858 4724 0 0 0.8998998999
3858 1103 0 0 0.8998998999
3858 591 0 0 0.983983983984
3858 4730 0 0 0.8998998999
3858 4433 0 0 0.8998998999
3858 2836 0 259 0.951951951952
3858 2603 0 0 0.996996996997
3858 4566 0 0 0.8998998999
3858 2848 0 7 0.812812812813
3858 2061 0 743 0.942942942943
3858 1416 0 0 0.958958958959
3858 1243 0 0 0.951951951952
3858 55 0 0 0.8998998999
3858 3926 0 0 0.968968968969
3858 2657 0 0 0.905905905906
3858 666 0 0 0.917917917918
3858 2009 0 0 0.8998998999
3858 771 0 0 0.8998998999
3858 4650 0 0 0.997997997998
3858 4664 0 0 0.98998998999
3858 4747 0 184 0.8998998999
3858 2018 0 0 0.401401401401
3858 4550 0 0 0.913913913914
3858 1439 0 0 0.8998998999
3858 2021 0 0 0.991991991992
3858 2687 0 0 0.8998998999
3858 76 0 0 0.900900900901
3858 2979 0 0 0.720720720721
3858 4510 0 0 0.900900900901
3858 2691 0 0 0.924924924925
3858 4696 0 0 0.8998998999
3858 428 0 0 0.907907907908
3858 431 0 0 0.907907907908
3858 783 0 0 0.8998998999
4730 2701 0 0 0.984984984985
4730 3619 0 0 0.932932932933
4730 1912 0 0 0.8998998999
4730 3730 0 0 0.978978978979
4730 4724 0 0 0.966966966967
4730 3552 0 0 0.756756756757
4730 1103 0 0 0.8998998999
4730 591 0 0 0.912912912913
4730 3858 0 0 0.8998998999
4730 4433 0 0 0.8998998999
4730 2836 0 259 0.905905905906
4730 2603 0 0 0.8998998999
4730 4566 0 0 0.8998998999
4730 2848 0 7 0.720720720721
4730 2061 0 743 0.8998998999
4730 1416 0 0 0.988988988989
4730 1243 0 0 0.8998998999
4730 55 0 0 0.994994994995
4730 3926 0 0 0.95995995996
4730 2657 0 0 0.8998998999
4730 666 0 0 0.8998998999
4730 2009 0 0 0.916916916917
4730 771 0 0 0.8998998999
4730 4650 0 0 0.8998998999
4730 4664 0 0 0.8998998999
4730 4747 0 184 0.8998998999
4730 2018 0 0 0.708708708709
4730 4550 0 0 0.8998998999
4730 1439 0 0 0.984984984985
4730 2021 0 0 0.8998998999
4730 2687 0 0 0.932932932933
4730 4824 0 0 0.84984984985
4730 76 0 0 0.8998998999
4730 4805 0 0 0.855855855856
4730 2979 0 0 0.720720720721
4730 4510 0 0 0.8998998999
4730 2691 0 0 0.8998998999
4730 4696 0 0 0.922922922923
4730 428 0 0 0.8998998999
4730 431 0 0 0.903903903904
4730 783 0 0 0.916916916917
4433 2701 0 0 0.8998998999
4433 3619 0 0 0.967967967968
4433 1912 0 0 0.8998998999
4433 3730 0 0 0.8998998999
4433 4724 0 0 0.983983983984
4433 1103 0 0 0.984984984985
4433 591 0 0 0.968968968969
4433 3858 0 0 0.8998998999
4433 4730 0 0 0.8998998999
4433 2836 0 259 0.95995995996
4433 2603 0 0 0.8998998999
4433 4566 0 0 0.967967967968
4433 2848 0 7 0.927927927928
4433 2061 0 743 0.996996996997
4433 1416 0 0 0.922922922923
4433 1243 0 0 0.951951951952
4433 55 0 0 0.8998998999
4433 3926 0 0 0.998998998999
4433 2657 0 0 0.994994994995
4433 666 0 0 0.983983983984
4433 2009 0 0 0.972972972973
4433 771 0 0 0.951951951952
4433 4650 0 0 0.8998998999
4433 4664 0 0 0.902902902903
4433 4747 0 184 0.911911911912
4433 2018 0 0 0.5995995996
4433 4550 0 0 0.8998998999
4433 1439 0 0 0.8998998999
4433 2021 0 0 0.918918918919
4433 2687 0 0 0.8998998999
4433 76 0 0 0.977977977978
4433 2979 0 0 0.720720720721
4433 4510 0 0 0.980980980981
4433 2691 0 0 0.912912912913
4433 4696 0 0 0.960960960961
4433 428 0 0 0.951951951952
4433 431 0 0 0.961961961962
4433 783 0 0 0.8998998999
2836 2701 259 0 0.905905905906
2836 3619 259 0 0.911911911912
2836 1912 259 0 0.908908908909
2836 3730 259 0 0.933933933934
2836 4724 259 0 0.930930930931
2836 1103 259 0 0.964964964965
2836 591 259 0 0.964964964965
2836 3858 259 0 0.951951951952
2836 4730 259 0 0.905905905906
2836 4433 259 0 0.95995995996
2836 2603 259 0 0.8998998999
2836 4566 259 0 0.8998998999
2836 2848 259 7 0.774774774775
2836 2061 259 743 0.913913913914
2836 1416 259 0 0.907907907908
2836 1243 259 0 0.925925925926
2836 55 259 0 0.900900900901
2836 3926 259 0 0.922922922923
2836 2657 259 0 0.8998998999
2836 666 259 0 0.944944944945
2836 2009 259 0 0.915915915916
2836 771 259 0 0.951951951952
2836 4650 259 0 0.8998998999
2836 4664 259 0 0.8998998999
2836 4747 259 184 0.8998998999
2836 2018 259 0 0.592592592593
2836 4550 259 0 0.8998998999
2836 3088 259 0 0.721721721722
2836 1439 259 0 0.904904904905
2836 2021 259 0 0.918918918919
2836 2687 259 0 0.911911911912
2836 76 259 0 0.967967967968
2836 4805 259 0 0.185185185185
2836 2979 259 0 0.720720720721
2836 4510 259 0 0.970970970971
2836 2691 259 0 0.906906906907
2836 4696 259 0 0.918918918919
2836 428 259 0 0.951951951952
2836 431 259 0 0.988988988989
2836 783 259 0 0.903903903904
2603 2701 0 0 0.905905905906
2603 3619 0 0 0.8998998999
2603 1912 0 0 0.907907907908
2603 3730 0 0 0.90990990991
2603 4724 0 0 0.8998998999
2603 1103 0 0 0.8998998999
2603 591 0 0 0.971971971972
2603 3858 0 0 0.996996996997
2603 4730 0 0 0.8998998999
2603 4433 0 0 0.8998998999
2603 2836 0 259 0.8998998999
2603 4566 0 0 0.8998998999
2603 2848 0 7 0.727727727728
2603 2061 0 743 0.916916916917
2603 1416 0 0 0.951951951952
2603 1243 0 0 0.912912912913
2603 55 0 0 0.8998998999
2603 3926 0 0 0.8998998999
2603 2657 0 0 0.8998998999
2603 666 0 0 0.952952952953
2603 2009 0 0 0.8998998999
2603 771 0 0 0.906906906907
2603 4650 0 0 0.998998998999
2603 4664 0 0 0.978978978979
2603 4747 0 184 0.8998998999
2603 2018 0 0 0.917917917918
2603 4550 0 0 0.8998998999
2603 1439 0 0 0.8998998999
2603 2021 0 0 0.998998998999
2603 2687 0 0 0.8998998999
2603 76 0 0 0.903903903904
2603 2979 0 0 0.720720720721
2603 4510 0 0 0.903903903904
2603 2691 0 0 0.941941941942
2603 4696 0 0 0.8998998999
2603 428 0 0 0.8998998999
2603 431 0 0 0.8998998999
2603 783 0 0 0.8998998999
4566 2701 0 0 0.8998998999
4566 3619 0 0 0.8998998999
4566 1912 0 0 0.908908908909
4566 3730 0 0 0.8998998999
4566 4724 0 0 0.905905905906
4566 1103 0 0 0.907907907908
4566 591 0 0 0.911911911912
4566 3858 0 0 0.8998998999
4566 4730 0 0 0.8998998999
4566 4433 0 0 0.967967967968
4566 2836 0 259 0.8998998999
4566 2603 0 0 0.8998998999
4566 2848 0 7 0.73973973974
4566 2061 0 743 0.8998998999
4566 1416 0 0 0.8998998999
4566 1243 0 0 0.904904904905
4566 55 0 0 0.8998998999
4566 3926 0 0 0.96996996997
4566 2657 0 0 0.8998998999
4566 666 0 0 0.8998998999
4566 2009 0 0 0.8998998999
4566 771 0 0 0.901901901902
4566 4650 0 0 0.8998998999
4566 4664 0 0 0.8998998999
4566 4747 0 184 0.8998998999
4566 4550 0 0 0.8998998999
4566 1439 0 0 0.8998998999
4566 2021 0 0 0.8998998999
4566 2687 0 0 0.8998998999
4566 76 0 0 0.8998998999
4566 2979 0 0 0.720720720721
4566 4510 0 0 0.8998998999
4566 2691 0 0 0.8998998999
4566 4696 0 0 0.8998998999
4566 428 0 0 0.8998998999
4566 431 0 0 0.8998998999
4566 783 0 0 0.8998998999
2848 2701 7 0 0.720720720721
2848 3619 7 0 0.720720720721
2848 1912 7 0 0.720720720721
2848 3730 7 0 0.940940940941
2848 4724 7 0 0.738738738739
2848 1103 7 0 1.0
2848 591 7 0 0.96996996997
2848 3858 7 0 0.812812812813
2848 4730 7 0 0.720720720721
2848 4433 7 0 0.927927927928
2848 2836 7 259 0.774774774775
2848 2603 7 0 0.727727727728
2848 4566 7 0 0.73973973974
2848 2061 7 743 0.982982982983
2848 1416 7 0 0.736736736737
2848 1243 7 0 1.0
2848 55 7 0 0.720720720721
2848 3926 7 0 0.806806806807
2848 2657 7 0 0.720720720721
2848 666 7 0 0.894894894895
2848 2009 7 0 0.720720720721
2848 771 7 0 1.0
2848 4650 7 0 0.743743743744
2848 4664 7 0 0.765765765766
2848 4747 7 184 0.720720720721
2848 4550 7 0 0.720720720721
2848 1439 7 0 0.720720720721
2848 2021 7 0 0.997997997998
2848 2687 7 0 0.720720720721
2848 76 7 0 1.0
2848 2979 7 0 0.720720720721
2848 4510 7 0 1.0
2848 2691 7 0 0.801801801802
2848 4696 7 0 0.720720720721
2848 428 7 0 0.748748748749
2848 431 7 0 0.730730730731
2848 783 7 0 0.72972972973
2061 2701 743 0 0.8998998999
2061 3619 743 0 0.8998998999
2061 1912 743 0 0.8998998999
2061 3730 743 0 0.901901901902
2061 4724 743 0 0.8998998999
2061 1103 743 0 0.985985985986
2061 591 743 0 1.0
2061 3858 743 0 0.942942942943
2061 4730 743 0 0.8998998999
2061 4433 743 0 0.996996996997
2061 2836 743 259 0.913913913914
2061 2603 743 0 0.916916916917
2061 4566 743 0 0.8998998999
2061 2848 743 7 0.982982982983
2061 1416 743 0 0.958958958959
2061 1243 743 0 0.977977977978
2061 55 743 0 0.900900900901
2061 3926 743 0 0.960960960961
2061 2657 743 0 0.8998998999
2061 666 743 0 1.0
2061 2009 743 0 0.973973973974
2061 771 743 0 0.953953953954
2061 4650 743 0 0.996996996997
2061 4664 743 0 0.951951951952
2061 4747 743 184 0.963963963964
2061 2018 743 0 0.83983983984
2061 4550 743 0 0.8998998999
2061 3088 743 0 0.561561561562
2061 1439 743 0 0.8998998999
2061 2021 743 0 0.983983983984
2061 2687 743 0 0.905905905906
2061 76 743 0 0.998998998999
2061 2979 743 0 0.744744744745
2061 4510 743 0 0.991991991992
2061 2691 743 0 1.0
2061 4696 743 0 0.8998998999
2061 428 743 0 0.98998998999
2061 431 743 0 0.978978978979
2061 783 743 0 0.932932932933
1416 2701 0 0 0.8998998999
1416 3619 0 0 0.8998998999
1416 1912 0 0 0.8998998999
1416 3730 0 0 0.8998998999
1416 4724 0 0 0.8998998999
1416 3552 0 0 0.196196196196
1416 1103 0 0 0.961961961962
1416 591 0 0 0.964964964965
1416 3858 0 0 0.958958958959
1416 4730 0 0 0.988988988989
1416 4433 0 0 0.922922922923
1416 2836 0 259 0.907907907908
1416 2603 0 0 0.951951951952
1416 4566 0 0 0.8998998999
1416 2848 0 7 0.736736736737
1416 2061 0 743 0.958958958959
1416 1243 0 0 0.8998998999
1416 55 0 0 0.935935935936
1416 3926 0 0 0.8998998999
1416 2657 0 0 0.950950950951
1416 666 0 0 0.900900900901
1416 2009 0 0 0.8998998999
1416 771 0 0 0.945945945946
1416 4650 0 0 0.955955955956
1416 4664 0 0 0.977977977978
1416 4747 0 184 0.967967967968
1416 2018 0 0 0.887887887888
1416 4550 0 0 0.910910910911
1416 3088 0 0 0.536536536537
1416 1439 0 0 0.921921921922
1416 2021 0 0 0.95995995996
1416 2687 0 0 0.8998998999
1416 4824 0 0 0.454454454454
1416 76 0 0 0.963963963964
1416 2979 0 0 0.720720720721
1416 4510 0 0 0.963963963964
1416 2691 0 0 0.950950950951
1416 4696 0 0 0.8998998999
1416 428 0 0 0.945945945946
1416 431 0 0 0.945945945946
1416 783 0 0 0.912912912913
1243 2701 0 0 0.931931931932
1243 3619 0 0 0.8998998999
1243 1912 0 0 0.922922922923
1243 3730 0 0 0.978978978979
1243 4724 0 0 0.905905905906
1243 1103 0 0 1.0
1243 591 0 0 0.987987987988
1243 3858 0 0 0.951951951952
1243 4730 0 0 0.8998998999
1243 4433 0 0 0.951951951952
1243 2836 0 259 0.925925925926
1243 2603 0 0 0.912912912913
1243 4566 0 0 0.904904904905
1243 2848 0 7 1.0
1243 2061 0 743 0.977977977978
1243 1416 0 0 0.8998998999
1243 55 0 0 0.8998998999
1243 3926 0 0 0.917917917918
1243 2657 0 0 0.8998998999
1243 666 0 0 0.911911911912
1243 2009 0 0 0.8998998999
1243 771 0 0 1.0
1243 4650 0 0 0.953953953954
1243 4664 0 0 0.907907907908
1243 4747 0 184 0.926926926927
1243 2018 0 0 0.740740740741
1243 4550 0 0 0.980980980981
1243 3088 0 0 0.614614614615
1243 1439 0 0 0.8998998999
1243 2021 0 0 0.978978978979
1243 2687 0 0 0.8998998999
1243 76 0 0 1.0
1243 2979 0 0 0.865865865866
1243 4510 0 0 1.0
1243 2691 0 0 0.955955955956
1243 4696 0 0 0.8998998999
1243 428 0 0 0.903903903904
1243 431 0 0 0.985985985986
1243 783 0 0 0.908908908909
55 2701 0 0 0.994994994995
55 3619 0 0 0.916916916917
55 1912 0 0 0.8998998999
55 3730 0 0 1.0
55 4724 0 0 0.942942942943
55 3552 0 0 0.758758758759
55 1103 0 0 0.8998998999
55 591 0 0 0.941941941942
55 3858 0 0 0.8998998999
55 4730 0 0 0.994994994995
55 4433 0 0 0.8998998999
55 2836 0 259 0.900900900901
55 2603 0 0 0.8998998999
55 4566 0 0 0.8998998999
55 2848 0 7 0.720720720721
55 2061 0 743 0.900900900901
55 1416 0 0 0.935935935936
55 1243 0 0 0.8998998999
55 3926 0 0 0.944944944945
55 2657 0 0 0.8998998999
55 666 0 0 0.8998998999
55 2009 0 0 0.907907907908
55 771 0 0 0.8998998999
55 4650 0 0 0.980980980981
55 4664 0 0 0.904904904905
55 4747 0 184 0.8998998999
55 2018 0 0 1.0
55 4550 0 0 0.8998998999
55 1439 0 0 0.994994994995
55 2021 0 0 0.982982982983
55 2687 0 0 0.916916916917
55 4824 0 0 0.953953953954
55 76 0 0 0.918918918919
55 4805 0 0 0.951951951952
55 2979 0 0 0.720720720721
55 4510 0 0 0.905905905906
55 2691 0 0 0.8998998999
55 4696 0 0 0.915915915916
55 428 0 0 0.8998998999
55 431 0 0 0.907907907908
55 783 0 0 0.973973973974
3926 2701 0 0 0.95995995996
3926 3619 0 0 0.991991991992
3926 1912 0 0 0.904904904905
3926 3730 0 0 0.948948948949
3926 4724 0 0 0.987987987988
3926 3552 0 0 0.683683683684
3926 1103 0 0 0.912912912913
3926 591 0 0 0.948948948949
3926 3858 0 0 0.968968968969
3926 4730 0 0 0.95995995996
3926 4433 0 0 0.998998998999
3926 2836 0 259 0.922922922923
3926 2603 0 0 0.8998998999
3926 4566 0 0 0.96996996997
3926 2848 0 7 0.806806806807
3926 2061 0 743 0.960960960961
3926 1416 0 0 0.8998998999
3926 1243 0 0 0.917917917918
3926 55 0 0 0.944944944945
3926 2657 0 0 0.967967967968
3926 666 0 0 0.928928928929
3926 2009 0 0 0.98998998999
3926 771 0 0 0.951951951952
3926 4650 0 0 0.8998998999
3926 4664 0 0 0.902902902903
3926 4747 0 184 0.8998998999
3926 2018 0 0 0.278278278278
3926 4550 0 0 0.8998998999
3926 1439 0 0 0.957957957958
3926 2021 0 0 0.966966966967
3926 2687 0 0 0.973973973974
3926 4824 0 0 0.615615615616
3926 76 0 0 0.8998998999
3926 4805 0 0 0.61961961962
3926 2979 0 0 0.720720720721
3926 4510 0 0 0.903903903904
3926 2691 0 0 0.916916916917
3926 4696 0 0 0.973973973974
3926 428 0 0 0.8998998999
3926 431 0 0 0.918918918919
3926 783 0 0 0.903903903904
2657 2701 0 0 0.8998998999
2657 3619 0 0 0.8998998999
2657 1912 0 0 0.8998998999
2657 3730 0 0 0.8998998999
2657 4724 0 0 0.8998998999
2657 1103 0 0 0.931931931932
2657 591 0 0 0.8998998999
2657 3858 0 0 0.905905905906
2657 4730 0 0 0.8998998999
2657 4433 0 0 0.994994994995
2657 2836 0 259 0.8998998999
2657 2603 0 0 0.8998998999
2657 4566 0 0 0.8998998999
2657 2848 0 7 0.720720720721
2657 2061 0 743 0.8998998999
2657 1416 0 0 0.950950950951
2657 1243 0 0 0.8998998999
2657 55 0 0 0.8998998999
2657 3926 0 0 0.967967967968
2657 666 0 0 0.8998998999
2657 2009 0 0 0.8998998999
2657 771 0 0 0.8998998999
2657 4650 0 0 0.8998998999
2657 4664 0 0 0.8998998999
2657 4747 0 184 0.8998998999
2657 4550 0 0 0.8998998999
2657 1439 0 0 0.8998998999
2657 2021 0 0 0.8998998999
2657 2687 0 0 0.904904904905
2657 76 0 0 0.916916916917
2657 2979 0 0 0.720720720721
2657 4510 0 0 0.918918918919
2657 2691 0 0 0.8998998999
2657 4696 0 0 0.8998998999
2657 428 0 0 0.8998998999
2657 431 0 0 0.8998998999
2657 783 0 0 0.8998998999
666 2701 0 0 0.8998998999
666 3619 0 0 0.8998998999
666 1912 0 0 0.904904904905
666 3730 0 0 0.905905905906
666 4724 0 0 0.8998998999
666 1103 0 0 0.942942942943
666 591 0 0 0.998998998999
666 3858 0 0 0.917917917918
666 4730 0 0 0.8998998999
666 4433 0 0 0.983983983984
666 2836 0 259 0.944944944945
666 2603 0 0 0.952952952953
666 4566 0 0 0.8998998999
666 2848 0 7 0.894894894895
666 2061 0 743 1.0
666 1416 0 0 0.900900900901
666 1243 0 0 0.911911911912
666 55 0 0 0.8998998999
666 3926 0 0 0.928928928929
666 2657 0 0 0.8998998999
666 2009 0 0 0.8998998999
666 771 0 0 0.951951951952
666 4650 0 0 0.991991991992
666 4664 0 0 0.951951951952
666 4747 0 184 0.8998998999
666 2018 0 0 0.575575575576
666 4550 0 0 0.8998998999
666 1439 0 0 0.8998998999
666 2021 0 0 0.994994994995
666 2687 0 0 0.8998998999
666 76 0 0 0.986986986987
666 2979 0 0 0.720720720721
666 4510 0 0 0.935935935936
666 2691 0 0 1.0
666 4696 0 0 0.8998998999
666 428 0 0 0.944944944945
666 431 0 0 0.946946946947
666 783 0 0 0.906906906907
2009 2701 0 0 0.916916916917
2009 3619 0 0 0.973973973974
2009 1912 0 0 0.8998998999
2009 3730 0 0 0.911911911912
2009 4724 0 0 0.982982982983
2009 3552 0 0 0.223223223223
2009 1103 0 0 0.900900900901
2009 591 0 0 0.973973973974
2009 3858 0 0 0.8998998999
2009 4730 0 0 0.916916916917
2009 4433 0 0 0.972972972973
2009 2836 0 259 0.915915915916
2009 2603 0 0 0.8998998999
2009 4566 0 0 0.8998998999
2009 2848 0 7 0.720720720721
2009 2061 0 743 0.973973973974
2009 1416 0 0 0.8998998999
2009 1243 0 0 0.8998998999
2009 55 0 0 0.907907907908
2009 3926 0 0 0.98998998999
2009 2657 0 0 0.8998998999
2009 666 0 0 0.8998998999
2009 771 0 0 0.8998998999
2009 4650 0 0 0.8998998999
2009 4664 0 0 0.8998998999
2009 4747 0 184 0.8998998999
2009 2018 0 0 0.517517517518
2009 4550 0 0 0.8998998999
2009 1439 0 0 0.915915915916
2009 2021 0 0 0.902902902903
2009 2687 0 0 0.974974974975
2009 4824 0 0 0.21021021021
2009 76 0 0 0.8998998999
2009 4805 0 0 0.213213213213
2009 2979 0 0 0.720720720721
2009 4510 0 0 0.8998998999
2009 2691 0 0 0.8998998999
2009 4696 0 0 0.974974974975
2009 428 0 0 0.8998998999
2009 431 0 0 0.912912912913
2009 783 0 0 0.903903903904
771 2701 0 0 0.8998998999
771 3619 0 0 0.8998998999
771 1912 0 0 0.910910910911
771 3730 0 0 0.927927927928
771 4724 0 0 0.911911911912
771 1103 0 0 1.0
771 591 0 0 0.945945945946
771 3858 0 0 0.8998998999
771 4730 0 0 0.8998998999
771 4433 0 0 0.951951951952
771 2836 0 259 0.951951951952
771 2603 0 0 0.906906906907
771 4566 0 0 0.901901901902
771 2848 0 7 1.0
771 2061 0 743 0.953953953954
771 1416 0 0 0.945945945946
771 1243 0 0 1.0
771 55 0 0 0.8998998999
771 3926 0 0 0.951951951952
771 2657 0 0 0.8998998999
771 666 0 0 0.951951951952
771 2009 0 0 0.8998998999
771 4650 0 0 0.951951951952
771 4664 0 0 0.951951951952
771 4747 0 184 0.945945945946
771 2018 0 0 0.740740740741
771 4550 0 0 0.8998998999
771 3088 0 0 0.74974974975
771 1439 0 0 0.8998998999
771 2021 0 0 0.905905905906
771 2687 0 0 0.913913913914
771 76 0 0 1.0
771 2979 0 0 0.726726726727
771 4510 0 0 1.0
771 2691 0 0 0.94994994995
771 4696 0 0 0.8998998999
771 428 0 0 0.946946946947
771 431 0 0 0.947947947948
771 783 0 0 0.8998998999
4650 2701 0 0 0.980980980981
4650 3619 0 0 0.8998998999
4650 1912 0 0 0.8998998999
4650 3730 0 0 0.980980980981
4650 4724 0 0 0.8998998999
4650 1103 0 0 0.8998998999
4650 591 0 0 1.0
4650 3858 0 0 0.997997997998
4650 4730 0 0 0.8998998999
4650 4433 0 0 0.8998998999
4650 2836 0 259 0.8998998999
4650 2603 0 0 0.998998998999
4650 4566 0 0 0.8998998999
4650 2848 0 7 0.743743743744
4650 2061 0 743 0.996996996997
4650 1416 0 0 0.955955955956
4650 1243 0 0 0.953953953954
4650 55 0 0 0.980980980981
4650 3926 0 0 0.8998998999
4650 2657 0 0 0.8998998999
4650 666 0 0 0.991991991992
4650 2009 0 0 0.8998998999
4650 771 0 0 0.951951951952
4650 4664 0 0 0.997997997998
4650 4747 0 184 0.8998998999
4650 2018 0 0 0.980980980981
4650 4550 0 0 0.8998998999
4650 1439 0 0 0.905905905906
4650 2021 0 0 0.993993993994
4650 2687 0 0 0.8998998999
4650 4824 0 0 0.815815815816
4650 76 0 0 0.901901901902
4650 4805 0 0 0.815815815816
4650 2979 0 0 0.720720720721
4650 4510 0 0 0.900900900901
4650 2691 0 0 0.967967967968
4650 4696 0 0 0.8998998999
4650 428 0 0 0.980980980981
4650 431 0 0 0.980980980981
4650 783 0 0 0.8998998999
4664 2701 0 0 0.8998998999
4664 3619 0 0 0.8998998999
4664 1912 0 0 0.8998998999
4664 3730 0 0 0.8998998999
4664 4724 0 0 0.8998998999
4664 1103 0 0 0.8998998999
4664 591 0 0 0.978978978979
4664 3858 0 0 0.98998998999
4664 4730 0 0 0.8998998999
4664 4433 0 0 0.902902902903
4664 2836 0 259 0.8998998999
4664 2603 0 0 0.978978978979
4664 4566 0 0 0.8998998999
4664 2848 0 7 0.765765765766
4664 2061 0 743 0.951951951952
4664 1416 0 0 0.977977977978
4664 1243 0 0 0.907907907908
4664 55 0 0 0.904904904905
4664 3926 0 0 0.902902902903
4664 2657 0 0 0.8998998999
4664 666 0 0 0.951951951952
4664 2009 0 0 0.8998998999
4664 771 0 0 0.951951951952
4664 4650 0 0 0.997997997998
4664 4747 0 184 0.8998998999
4664 2018 0 0 0.971971971972
4664 4550 0 0 0.8998998999
4664 1439 0 0 0.8998998999
4664 2021 0 0 0.993993993994
4664 2687 0 0 0.8998998999
4664 4824 0 0 0.752752752753
4664 76 0 0 0.951951951952
4664 2979 0 0 0.720720720721
4664 4510 0 0 0.951951951952
4664 2691 0 0 0.951951951952
4664 4696 0 0 0.8998998999
4664 428 0 0 0.900900900901
4664 431 0 0 0.900900900901
4664 783 0 0 0.941941941942
4747 2701 184 0 0.8998998999
4747 3619 184 0 0.8998998999
4747 1912 184 0 0.8998998999
4747 3730 184 0 0.8998998999
4747 4724 184 0 0.8998998999
4747 1103 184 0 0.945945945946
4747 591 184 0 0.962962962963
4747 3858 184 0 0.8998998999
4747 4730 184 0 0.8998998999
4747 4433 184 0 0.911911911912
4747 2836 184 259 0.8998998999
4747 2603 184 0 0.8998998999
4747 4566 184 0 0.8998998999
4747 2848 184 7 0.720720720721
4747 2061 184 743 0.963963963964
4747 1416 184 0 0.967967967968
4747 1243 184 0 0.926926926927
4747 55 184 0 0.8998998999
4747 3926 184 0 0.8998998999
4747 2657 184 0 0.8998998999
4747 666 184 0 0.8998998999
4747 2009 184 0 0.8998998999
4747 771 184 0 0.945945945946
4747 4650 184 0 0.8998998999
4747 4664 184 0 0.8998998999
4747 4550 184 0 0.8998998999
4747 3088 184 0 0.523523523524
4747 1439 184 0 0.8998998999
4747 2021 184 0 0.902902902903
4747 2687 184 0 0.8998998999
4747 76 184 0 0.950950950951
4747 2979 184 0 0.720720720721
4747 4510 184 0 0.950950950951
4747 2691 184 0 0.947947947948
4747 4696 184 0 0.8998998999
4747 428 184 0 0.945945945946
4747 431 184 0 0.945945945946
4747 783 184 0 0.8998998999
2018 2701 0 0 0.708708708709
2018 3619 0 0 0.176176176176
2018 3730 0 0 0.947947947948
2018 4724 0 0 0.377377377377
2018 3552 0 0 0.517517517518
2018 1103 0 0 0.621621621622
2018 591 0 0 0.800800800801
2018 3858 0 0 0.401401401401
2018 4730 0 0 0.708708708709
2018 4433 0 0 0.5995995996
2018 2836 0 259 0.592592592593
2018 2603 0 0 0.917917917918
2018 2061 0 743 0.83983983984
2018 1416 0 0 0.887887887888
2018 1243 0 0 0.740740740741
2018 55 0 0 1.0
2018 3926 0 0 0.278278278278
2018 666 0 0 0.575575575576
2018 2009 0 0 0.517517517518
2018 771 0 0 0.740740740741
2018 4650 0 0 0.980980980981
2018 4664 0 0 0.971971971972
2018 1439 0 0 0.750750750751
2018 2021 0 0 0.945945945946
2018 2687 0 0 0.176176176176
2018 4824 0 0 0.758758758759
2018 76 0 0 0.555555555556
2018 4805 0 0 0.702702702703
2018 2979 0 0 0.603603603604
2018 4510 0 0 0.736736736737
2018 4696 0 0 0.163163163163
2018 428 0 0 0.186186186186
2018 431 0 0 0.186186186186
2018 783 0 0 0.968968968969
4550 2701 0 0 0.905905905906
4550 3619 0 0 0.8998998999
4550 1912 0 0 0.982982982983
4550 3730 0 0 0.8998998999
4550 4724 0 0 0.8998998999
4550 3552 0 0 0.235235235235
4550 1103 0 0 0.918918918919
4550 591 0 0 0.905905905906
4550 3858 0 0 0.913913913914
4550 4730 0 0 0.8998998999
4550 4433 0 0 0.8998998999
4550 2836 0 259 0.8998998999
4550 2603 0 0 0.8998998999
4550 4566 0 0 0.8998998999
4550 2848 0 7 0.720720720721
4550 2061 0 743 0.8998998999
4550 1416 0 0 0.910910910911
4550 1243 0 0 0.980980980981
4550 55 0 0 0.8998998999
4550 3926 0 0 0.8998998999
4550 2657 0 0 0.8998998999
4550 666 0 0 0.8998998999
4550 2009 0 0 0.8998998999
4550 771 0 0 0.8998998999
4550 4650 0 0 0.8998998999
4550 4664 0 0 0.8998998999
4550 4747 0 184 0.8998998999
4550 1439 0 0 0.8998998999
4550 2021 0 0 0.8998998999
4550 2687 0 0 0.8998998999
4550 76 0 0 0.994994994995
4550 2979 0 0 0.720720720721
4550 4510 0 0 0.974974974975
4550 2691 0 0 0.8998998999
4550 4696 0 0 0.8998998999
4550 428 0 0 0.8998998999
4550 431 0 0 0.8998998999
4550 783 0 0 0.8998998999
3088 1103 0 0 0.651651651652
3088 591 0 0 0.722722722723
3088 2836 0 259 0.721721721722
3088 2061 0 743 0.561561561562
3088 1416 0 0 0.536536536537
3088 1243 0 0 0.614614614615
3088 771 0 0 0.74974974975
3088 4747 0 184 0.523523523524
3088 76 0 0 0.648648648649
3088 4510 0 0 0.648648648649
3088 2691 0 0 0.502502502503
3088 428 0 0 0.493493493493
3088 431 0 0 0.493493493493
1439 2701 0 0 0.984984984985
1439 3619 0 0 0.92992992993
1439 1912 0 0 0.8998998999
1439 3730 0 0 0.975975975976
1439 4724 0 0 0.95995995996
1439 3552 0 0 0.754754754755
1439 1103 0 0 0.900900900901
1439 591 0 0 0.911911911912
1439 3858 0 0 0.8998998999
1439 4730 0 0 0.984984984985
1439 4433 0 0 0.8998998999
1439 2836 0 259 0.904904904905
1439 2603 0 0 0.8998998999
1439 4566 0 0 0.8998998999
1439 2848 0 7 0.720720720721
1439 2061 0 743 0.8998998999
1439 1416 0 0 0.921921921922
1439 1243 0 0 0.8998998999
1439 55 0 0 0.994994994995
1439 3926 0 0 0.957957957958
1439 2657 0 0 0.8998998999
1439 666 0 0 0.8998998999
1439 2009 0 0 0.915915915916
1439 771 0 0 0.8998998999
1439 4650 0 0 0.905905905906
1439 4664 0 0 0.8998998999
1439 4747 0 184 0.8998998999
1439 2018 0 0 0.750750750751
1439 4550 0 0 0.8998998999
1439 2021 0 0 0.8998998999
1439 2687 0 0 0.92992992993
1439 4824 0 0 0.83983983984
1439 76 0 0 0.8998998999
1439 4805 0 0 0.85985985986
1439 2979 0 0 0.720720720721
1439 4510 0 0 0.8998998999
1439 2691 0 0 0.8998998999
1439 4696 0 0 0.918918918919
1439 428 0 0 0.8998998999
1439 431 0 0 0.903903903904
1439 783 0 0 0.915915915916
2021 2701 0 0 0.8998998999
2021 3619 0 0 0.8998998999
2021 1912 0 0 0.911911911912
2021 3730 0 0 0.978978978979
2021 4724 0 0 0.8998998999
2021 1103 0 0 0.983983983984
2021 591 0 0 0.996996996997
2021 3858 0 0 0.991991991992
2021 4730 0 0 0.8998998999
2021 4433 0 0 0.918918918919
2021 2836 0 259 0.918918918919
2021 2603 0 0 0.998998998999
2021 4566 0 0 0.8998998999
2021 2848 0 7 0.997997997998
2021 2061 0 743 0.983983983984
2021 1416 0 0 0.95995995996
2021 1243 0 0 0.978978978979
2021 55 0 0 0.982982982983
2021 3926 0 0 0.966966966967
2021 2657 0 0 0.8998998999
2021 666 0 0 0.994994994995
2021 2009 0 0 0.902902902903
2021 771 0 0 0.905905905906
2021 4650 0 0 0.993993993994
2021 4664 0 0 0.993993993994
2021 4747 0 184 0.902902902903
2021 2018 0 0 0.945945945946
2021 4550 0 0 0.8998998999
2021 1439 0 0 0.8998998999
2021 2687 0 0 0.8998998999
2021 76 0 0 0.986986986987
2021 2979 0 0 0.760760760761
2021 4510 0 0 0.918918918919
2021 2691 0 0 0.975975975976
2021 4696 0 0 0.8998998999
2021 428 0 0 0.8998998999
2021 431 0 0 0.987987987988
2021 783 0 0 0.8998998999
2687 2701 0 0 0.933933933934
2687 3619 0 0 0.985985985986
2687 1912 0 0 0.907907907908
2687 3730 0 0 0.927927927928
2687 4724 0 0 0.974974974975
2687 3552 0 0 0.435435435435
2687 1103 0 0 0.906906906907
2687 591 0 0 0.907907907908
2687 3858 0 0 0.8998998999
2687 4730 0 0 0.932932932933
2687 4433 0 0 0.8998998999
2687 2836 0 259 0.911911911912
2687 2603 0 0 0.8998998999
2687 4566 0 0 0.8998998999
2687 2848 0 7 0.720720720721
2687 2061 0 743 0.905905905906
2687 1416 0 0 0.8998998999
2687 1243 0 0 0.8998998999
2687 55 0 0 0.916916916917
2687 3926 0 0 0.973973973974
2687 2657 0 0 0.904904904905
2687 666 0 0 0.8998998999
2687 2009 0 0 0.974974974975
2687 771 0 0 0.913913913914
2687 4650 0 0 0.8998998999
2687 4664 0 0 0.8998998999
2687 4747 0 184 0.8998998999
2687 2018 0 0 0.176176176176
2687 4550 0 0 0.8998998999
2687 1439 0 0 0.92992992993
2687 2021 0 0 0.8998998999
2687 4824 0 0 0.347347347347
2687 76 0 0 0.8998998999
2687 4805 0 0 0.366366366366
2687 2979 0 0 0.720720720721
2687 4510 0 0 0.8998998999
2687 2691 0 0 0.8998998999
2687 4696 0 0 0.942942942943
2687 428 0 0 0.8998998999
2687 431 0 0 0.910910910911
2687 783 0 0 0.911911911912
4824 2701 0 0 0.855855855856
4824 3619 0 0 0.347347347347
4824 3730 0 0 0.758758758759
4824 4724 0 0 0.627627627628
4824 3552 0 0 0.754754754755
4824 591 0 0 0.456456456456
4824 4730 0 0 0.84984984985
4824 1416 0 0 0.454454454454
4824 55 0 0 0.953953953954
4824 3926 0 0 0.615615615616
4824 2009 0 0 0.21021021021
4824 4650 0 0 0.815815815816
4824 4664 0 0 0.752752752753
4824 2018 0 0 0.758758758759
4824 1439 0 0 0.83983983984
4824 2687 0 0 0.347347347347
4824 4805 0 0 0.83983983984
4824 4696 0 0 0.236236236236
4824 783 0 0 0.21021021021
76 2701 0 0 0.8998998999
76 3619 0 0 0.8998998999
76 1912 0 0 0.980980980981
76 3730 0 0 0.8998998999
76 4724 0 0 0.981981981982
76 1103 0 0 1.0
76 591 0 0 0.997997997998
76 3858 0 0 0.900900900901
76 4730 0 0 0.8998998999
76 4433 0 0 0.977977977978
76 2836 0 259 0.967967967968
76 2603 0 0 0.903903903904
76 4566 0 0 0.8998998999
76 2848 0 7 1.0
76 2061 0 743 0.998998998999
76 1416 0 0 0.963963963964
76 1243 0 0 1.0
76 55 0 0 0.918918918919
76 3926 0 0 0.8998998999
76 2657 0 0 0.916916916917
76 666 0 0 0.986986986987
76 2009 0 0 0.8998998999
76 771 0 0 1.0
76 4650 0 0 0.901901901902
76 4664 0 0 0.951951951952
76 4747 0 184 0.950950950951
76 2018 0 0 0.555555555556
76 4550 0 0 0.994994994995
76 3088 0 0 0.648648648649
76 1439 0 0 0.8998998999
76 2021 0 0 0.986986986987
76 2687 0 0 0.8998998999
76 2979 0 0 0.720720720721
76 4510 0 0 1.0
76 2691 0 0 0.98998998999
76 4696 0 0 0.900900900901
76 428 0 0 0.952952952953
76 431 0 0 0.968968968969
76 783 0 0 0.90990990991
4805 2701 0 0 0.855855855856
4805 3619 0 0 0.366366366366
4805 3730 0 0 0.798798798799
4805 4724 0 0 0.66966966967
4805 3552 0 0 0.756756756757
4805 591 0 0 0.177177177177
4805 4730 0 0 0.855855855856
4805 2836 0 259 0.185185185185
4805 55 0 0 0.951951951952
4805 3926 0 0 0.61961961962
4805 2009 0 0 0.213213213213
4805 4650 0 0 0.815815815816
4805 2018 0 0 0.702702702703
4805 1439 0 0 0.85985985986
4805 2687 0 0 0.366366366366
4805 4824 0 0 0.83983983984
4805 4696 0 0 0.271271271271
4805 783 0 0 0.213213213213
2979 2701 0 0 0.720720720721
2979 3619 0 0 0.720720720721
2979 1912 0 0 0.720720720721
2979 3730 0 0 0.720720720721
2979 4724 0 0 0.720720720721
2979 1103 0 0 0.720720720721
2979 591 0 0 0.75975975976
2979 3858 0 0 0.720720720721
2979 4730 0 0 0.720720720721
2979 4433 0 0 0.720720720721
2979 2836 0 259 0.720720720721
2979 2603 0 0 0.720720720721
2979 4566 0 0 0.720720720721
2979 2848 0 7 0.720720720721
2979 2061 0 743 0.744744744745
2979 1416 0 0 0.720720720721
2979 1243 0 0 0.865865865866
2979 55 0 0 0.720720720721
2979 3926 0 0 0.720720720721
2979 2657 0 0 0.720720720721
2979 666 0 0 0.720720720721
2979 2009 0 0 0.720720720721
2979 771 0 0 0.726726726727
2979 4650 0 0 0.720720720721
2979 4664 0 0 0.720720720721
2979 4747 0 184 0.720720720721
2979 2018 0 0 0.603603603604
2979 4550 0 0 0.720720720721
2979 1439 0 0 0.720720720721
2979 2021 0 0 0.760760760761
2979 2687 0 0 0.720720720721
2979 76 0 0 0.720720720721
2979 4510 0 0 0.720720720721
2979 2691 0 0 0.744744744745
2979 4696 0 0 0.720720720721
2979 428 0 0 0.720720720721
2979 431 0 0 0.720720720721
2979 783 0 0 0.720720720721
4510 2701 0 0 0.8998998999
4510 3619 0 0 0.8998998999
4510 1912 0 0 0.8998998999
4510 3730 0 0 0.8998998999
4510 4724 0 0 0.905905905906
4510 1103 0 0 1.0
4510 591 0 0 0.988988988989
4510 3858 0 0 0.900900900901
4510 4730 0 0 0.8998998999
4510 4433 0 0 0.980980980981
4510 2836 0 259 0.970970970971
4510 2603 0 0 0.903903903904
4510 4566 0 0 0.8998998999
4510 2848 0 7 1.0
4510 2061 0 743 0.991991991992
4510 1416 0 0 0.963963963964
4510 1243 0 0 1.0
4510 55 0 0 0.905905905906
4510 3926 0 0 0.903903903904
4510 2657 0 0 0.918918918919
4510 666 0 0 0.935935935936
4510 2009 0 0 0.8998998999
4510 771 0 0 1.0
4510 4650 0 0 0.900900900901
4510 4664 0 0 0.951951951952
4510 4747 0 184 0.950950950951
4510 2018 0 0 0.736736736737
4510 4550 0 0 0.974974974975
4510 3088 0 0 0.648648648649
4510 1439 0 0 0.8998998999
4510 2021 0 0 0.918918918919
4510 2687 0 0 0.8998998999
4510 76 0 0 1.0
4510 2979 0 0 0.720720720721
4510 2691 0 0 0.987987987988
4510 4696 0 0 0.900900900901
4510 428 0 0 0.951951951952
4510 431 0 0 0.971971971972
4510 783 0 0 0.906906906907
2691 2701 0 0 0.8998998999
2691 3619 0 0 0.8998998999
2691 1912 0 0 0.8998998999
2691 3730 0 0 0.8998998999
2691 4724 0 0 0.914914914915
2691 1103 0 0 0.974974974975
2691 591 0 0 0.994994994995
2691 3858 0 0 0.924924924925
2691 4730 0 0 0.8998998999
2691 4433 0 0 0.912912912913
2691 2836 0 259 0.906906906907
2691 2603 0 0 0.941941941942
2691 4566 0 0 0.8998998999
2691 2848 0 7 0.801801801802
2691 2061 0 743 1.0
2691 1416 0 0 0.950950950951
2691 1243 0 0 0.955955955956
2691 55 0 0 0.8998998999
2691 3926 0 0 0.916916916917
2691 2657 0 0 0.8998998999
2691 666 0 0 1.0
2691 2009 0 0 0.8998998999
2691 771 0 0 0.94994994995
2691 4650 0 0 0.967967967968
2691 4664 0 0 0.951951951952
2691 4747 0 184 0.947947947948
2691 4550 0 0 0.8998998999
2691 3088 0 0 0.502502502503
2691 1439 0 0 0.8998998999
2691 2021 0 0 0.975975975976
2691 2687 0 0 0.8998998999
2691 76 0 0 0.98998998999
2691 2979 0 0 0.744744744745
2691 4510 0 0 0.987987987988
2691 4696 0 0 0.8998998999
2691 428 0 0 0.947947947948
2691 431 0 0 0.947947947948
2691 783 0 0 0.902902902903
4696 2701 0 0 0.922922922923
4696 3619 0 0 0.942942942943
4696 1912 0 0 0.8998998999
4696 3730 0 0 0.916916916917
4696 4724 0 0 0.987987987988
4696 3552 0 0 0.347347347347
4696 1103 0 0 0.901901901902
4696 591 0 0 0.917917917918
4696 3858 0 0 0.8998998999
4696 4730 0 0 0.922922922923
4696 4433 0 0 0.960960960961
4696 2836 0 259 0.918918918919
4696 2603 0 0 0.8998998999
4696 4566 0 0 0.8998998999
4696 2848 0 7 0.720720720721
4696 2061 0 743 0.8998998999
4696 1416 0 0 0.8998998999
4696 1243 0 0 0.8998998999
4696 55 0 0 0.915915915916
4696 3926 0 0 0.973973973974
4696 2657 0 0 0.8998998999
4696 666 0 0 0.8998998999
4696 2009 0 0 0.974974974975
4696 771 0 0 0.8998998999
4696 4650 0 0 0.8998998999
4696 4664 0 0 0.8998998999
4696 4747 0 184 0.8998998999
4696 2018 0 0 0.163163163163
4696 4550 0 0 0.8998998999
4696 1439 0 0 0.918918918919
4696 2021 0 0 0.8998998999
4696 2687 0 0 0.942942942943
4696 4824 0 0 0.236236236236
4696 76 0 0 0.900900900901
4696 4805 0 0 0.271271271271
4696 2979 0 0 0.720720720721
4696 4510 0 0 0.900900900901
4696 2691 0 0 0.8998998999
4696 428 0 0 0.8998998999
4696 431 0 0 0.917917917918
4696 783 0 0 0.907907907908
428 2701 0 0 0.8998998999
428 3619 0 0 0.8998998999
428 1912 0 0 0.8998998999
428 3730 0 0 0.8998998999
428 4724 0 0 0.8998998999
428 1103 0 0 0.945945945946
428 591 0 0 0.945945945946
428 3858 0 0 0.907907907908
428 4730 0 0 0.8998998999
428 4433 0 0 0.951951951952
428 2836 0 259 0.951951951952
428 2603 0 0 0.8998998999
428 4566 0 0 0.8998998999
428 2848 0 7 0.748748748749
428 2061 0 743 0.98998998999
428 1416 0 0 0.945945945946
428 1243 0 0 0.903903903904
428 55 0 0 0.8998998999
428 3926 0 0 0.8998998999
428 2657 0 0 0.8998998999
428 666 0 0 0.944944944945
428 2009 0 0 0.8998998999
428 771 0 0 0.946946946947
428 4650 0 0 0.980980980981
428 4664 0 0 0.900900900901
428 4747 0 184 0.945945945946
428 2018 0 0 0.186186186186
428 4550 0 0 0.8998998999
428 3088 0 0 0.493493493493
428 1439 0 0 0.8998998999
428 2021 0 0 0.8998998999
428 2687 0 0 0.8998998999
428 76 0 0 0.952952952953
428 2979 0 0 0.720720720721
428 4510 0 0 0.951951951952
428 2691 0 0 0.947947947948
428 4696 0 0 0.8998998999
428 431 0 0 1.0
428 783 0 0 0.8998998999
431 2701 0 0 0.905905905906
431 3619 0 0 0.910910910911
431 1912 0 0 0.8998998999
431 3730 0 0 0.911911911912
431 4724 0 0 0.917917917918
431 1103 0 0 0.965965965966
431 591 0 0 0.971971971972
431 3858 0 0 0.907907907908
431 4730 0 0 0.903903903904
431 4433 0 0 0.961961961962
431 2836 0 259 0.988988988989
431 2603 0 0 0.8998998999
431 4566 0 0 0.8998998999
431 2848 0 7 0.730730730731
431 2061 0 743 0.978978978979
431 1416 0 0 0.945945945946
431 1243 0 0 0.985985985986
431 55 0 0 0.907907907908
431 3926 0 0 0.918918918919
431 2657 0 0 0.8998998999
431 666 0 0 0.946946946947
431 2009 0 0 0.912912912913
431 771 0 0 0.947947947948
431 4650 0 0 0.980980980981
431 4664 0 0 0.900900900901
431 4747 0 184 0.945945945946
431 2018 0 0 0.186186186186
431 4550 0 0 0.8998998999
431 3088 0 0 0.493493493493
431 1439 0 0 0.903903903904
431 2021 0 0 0.987987987988
431 2687 0 0 0.910910910911
431 76 0 0 0.968968968969
431 2979 0 0 0.720720720721
431 4510 0 0 0.971971971972
431 2691 0 0 0.947947947948
431 4696 0 0 0.917917917918
431 428 0 0 1.0
431 783 0 0 0.907907907908
783 2701 0 0 0.916916916917
783 3619 0 0 0.911911911912
783 1912 0 0 0.8998998999
783 3730 0 0 0.954954954955
783 4724 0 0 0.905905905906
783 3552 0 0 0.221221221221
783 1103 0 0 0.902902902903
783 591 0 0 0.923923923924
783 3858 0 0 0.8998998999
783 4730 0 0 0.916916916917
783 4433 0 0 0.8998998999
783 2836 0 259 0.903903903904
783 2603 0 0 0.8998998999
783 4566 0 0 0.8998998999
783 2848 0 7 0.72972972973
783 2061 0 743 0.932932932933
783 1416 0 0 0.912912912913
783 1243 0 0 0.908908908909
783 55 0 0 0.973973973974
783 3926 0 0 0.903903903904
783 2657 0 0 0.8998998999
783 666 0 0 0.906906906907
783 2009 0 0 0.903903903904
783 771 0 0 0.8998998999
783 4650 0 0 0.8998998999
783 4664 0 0 0.941941941942
783 4747 0 184 0.8998998999
783 2018 0 0 0.968968968969
783 4550 0 0 0.8998998999
783 1439 0 0 0.915915915916
783 2021 0 0 0.8998998999
783 2687 0 0 0.911911911912
783 4824 0 0 0.21021021021
783 76 0 0 0.90990990991
783 4805 0 0 0.213213213213
783 2979 0 0 0.720720720721
783 4510 0 0 0.906906906907
783 2691 0 0 0.902902902903
783 4696 0 0 0.907907907908
783 428 0 0 0.8998998999
783 431 0 0 0.907907907908
