2258 2266 0 0 0.64964964965
2258 3737 0 0 0.469469469469
2258 2831 0 24 0.279279279279
2258 2838 0 0 0.507507507508
2258 2842 0 394 0.157157157157
2258 2844 0 0 0.441441441441
2258 4673 0 0 0.168168168168
2258 2298 0 0 0.507507507508
2258 2853 0 0 0.537537537538
2258 1213 0 4 0.283283283283
2258 2857 0 0 0.174174174174
2258 3843 0 1087 0.469469469469
2258 2862 0 0 0.399399399399
2258 2864 0 7 0.760760760761
2258 3443 0 0 0.316316316316
2258 1871 0 0 0.798798798799
2258 2876 0 0 0.710710710711
2258 3458 0 0 0.291291291291
2258 2889 0 893 0.492492492492
2258 2904 0 0 0.492492492492
2258 2911 0 0 0.510510510511
2258 2914 0 0 0.252252252252
3831 2831 0 24 0.754754754755
3831 3843 0 1087 0.56956956957
3831 2864 0 7 0.621621621622
2266 2258 0 0 0.64964964965
2266 3737 0 0 0.571571571572
2266 2831 0 24 0.347347347347
2266 4711 0 0 0.168168168168
2266 2838 0 0 0.277277277277
2266 2842 0 394 0.508508508509
2266 2844 0 0 0.469469469469
2266 4673 0 0 0.174174174174
2266 2298 0 0 0.182182182182
2266 1213 0 4 0.265265265265
2266 2857 0 0 0.168168168168
2266 3843 0 1087 0.168168168168
2266 2862 0 0 0.374374374374
2266 2864 0 7 0.631631631632
2266 3443 0 0 0.229229229229
2266 1871 0 0 0.384384384384
2266 2876 0 0 0.267267267267
2266 3458 0 0 0.651651651652
2266 2889 0 893 0.343343343343
2266 4871 0 0 0.179179179179
2266 2904 0 0 0.508508508509
2266 2911 0 0 0.411411411411
2266 2914 0 0 0.27027027027
3737 2258 0 0 0.469469469469
3737 2266 0 0 0.571571571572
3737 2831 0 24 0.16016016016
3737 4711 0 0 0.179179179179
3737 2838 0 0 0.202202202202
3737 2842 0 394 0.235235235235
3737 2844 0 0 0.394394394394
3737 2298 0 0 0.168168168168
3737 2857 0 0 0.165165165165
3737 2862 0 0 0.271271271271
3737 2864 0 7 0.408408408408
3737 3458 0 0 0.322322322322
3737 2889 0 893 0.23023023023
3737 2904 0 0 0.312312312312
3737 4512 0 0 0.293293293293
3737 2911 0 0 0.704704704705
3737 2914 0 0 0.172172172172
4970 4673 0 0 0.215215215215
2831 2258 24 0 0.279279279279
2831 3831 24 0 0.754754754755
2831 2266 24 0 0.347347347347
2831 3737 24 0 0.16016016016
2831 4711 24 0 0.167167167167
2831 2838 24 0 0.655655655656
2831 2842 24 394 0.710710710711
2831 2844 24 0 0.404404404404
2831 4673 24 0 0.63963963964
2831 2298 24 0 0.339339339339
2831 2853 24 0 0.23023023023
2831 1213 24 4 0.322322322322
2831 2857 24 0 0.428428428428
2831 3843 24 1087 0.621621621622
2831 2862 24 0 0.286286286286
2831 2864 24 7 0.964964964965
2831 1871 24 0 0.657657657658
2831 2876 24 0 0.394394394394
2831 3458 24 0 0.263263263263
2831 2889 24 893 0.449449449449
2831 2904 24 0 0.65965965966
2831 4512 24 0 0.308308308308
2831 2911 24 0 0.369369369369
4711 2266 0 0 0.168168168168
4711 3737 0 0 0.179179179179
4711 2831 0 24 0.167167167167
4711 2838 0 0 0.179179179179
4711 2842 0 394 0.167167167167
4711 2844 0 0 0.327327327327
4711 4673 0 0 0.271271271271
4711 1213 0 4 0.168168168168
4711 3843 0 1087 0.271271271271
4711 2862 0 0 0.294294294294
4711 2864 0 7 0.288288288288
4711 2876 0 0 0.179179179179
4711 3458 0 0 0.168168168168
4711 2904 0 0 0.272272272272
4711 4512 0 0 0.343343343343
4711 2911 0 0 0.316316316316
2838 2258 0 0 0.507507507508
2838 2266 0 0 0.277277277277
2838 3737 0 0 0.202202202202
2838 2831 0 24 0.655655655656
2838 4711 0 0 0.179179179179
2838 2842 0 394 0.428428428428
2838 2844 0 0 0.343343343343
2838 4673 0 0 0.710710710711
2838 2298 0 0 0.537537537538
2838 2853 0 0 0.291291291291
2838 1213 0 4 0.236236236236
2838 2857 0 0 0.274274274274
2838 3843 0 1087 0.308308308308
2838 2862 0 0 0.48048048048
2838 2864 0 7 0.87987987988
2838 3443 0 0 0.308308308308
2838 1871 0 0 0.65965965966
2838 2876 0 0 0.335335335335
2838 3458 0 0 0.66966966967
2838 2889 0 893 0.511511511512
2838 2904 0 0 0.710710710711
2838 4512 0 0 0.258258258258
2838 2911 0 0 0.408408408408
2838 2914 0 0 0.501501501502
2842 2258 394 0 0.157157157157
2842 2266 394 0 0.508508508509
2842 3737 394 0 0.235235235235
2842 2831 394 24 0.710710710711
2842 4711 394 0 0.167167167167
2842 2838 394 0 0.428428428428
2842 2844 394 0 0.322322322322
2842 4673 394 0 0.236236236236
2842 2298 394 0 0.224224224224
2842 2862 394 0 0.319319319319
2842 2864 394 7 0.831831831832
2842 3443 394 0 0.238238238238
2842 1871 394 0 0.268268268268
2842 2876 394 0 0.154154154154
2842 3458 394 0 0.530530530531
2842 2889 394 893 0.64964964965
2842 2904 394 0 0.524524524525
2842 4512 394 0 0.19019019019
2842 2911 394 0 0.285285285285
2842 2914 394 0 0.188188188188
2844 2258 0 0 0.441441441441
2844 2266 0 0 0.469469469469
2844 3737 0 0 0.394394394394
2844 2831 0 24 0.404404404404
2844 4711 0 0 0.327327327327
2844 2838 0 0 0.343343343343
2844 2842 0 394 0.322322322322
2844 4673 0 0 0.235235235235
2844 2298 0 0 0.655655655656
2844 2853 0 0 0.324324324324
2844 1213 0 4 0.162162162162
2844 2857 0 0 0.313313313313
2844 3843 0 1087 0.168168168168
2844 2862 0 0 0.507507507508
2844 2864 0 7 0.774774774775
2844 3443 0 0 0.243243243243
2844 1871 0 0 0.174174174174
2844 2876 0 0 0.321321321321
2844 3458 0 0 0.510510510511
2844 2889 0 893 0.363363363363
2844 2904 0 0 0.738738738739
2844 4512 0 0 0.273273273273
2844 2911 0 0 0.294294294294
2844 2914 0 0 0.168168168168
4673 2258 0 0 0.168168168168
4673 2266 0 0 0.174174174174
4673 4970 0 0 0.215215215215
4673 2831 0 24 0.63963963964
4673 4711 0 0 0.271271271271
4673 2838 0 0 0.710710710711
4673 2842 0 394 0.236236236236
4673 2844 0 0 0.235235235235
4673 2298 0 0 0.168168168168
4673 2853 0 0 0.232232232232
4673 1213 0 4 0.414414414414
4673 2857 0 0 0.17017017017
4673 3843 0 1087 0.177177177177
4673 2862 0 0 0.168168168168
4673 2864 0 7 0.563563563564
4673 3443 0 0 0.205205205205
4673 1871 0 0 0.167167167167
4673 2876 0 0 0.274274274274
4673 2889 0 893 0.151151151151
4673 2904 0 0 0.283283283283
4673 2911 0 0 0.294294294294
2298 2258 0 0 0.507507507508
2298 2266 0 0 0.182182182182
2298 3737 0 0 0.168168168168
2298 2831 0 24 0.339339339339
2298 2838 0 0 0.537537537538
2298 2842 0 394 0.224224224224
2298 2844 0 0 0.655655655656
2298 4673 0 0 0.168168168168
2298 2853 0 0 0.151151151151
2298 1213 0 4 0.177177177177
2298 2857 0 0 0.223223223223
2298 2862 0 0 0.31031031031
2298 2864 0 7 0.833833833834
2298 1871 0 0 0.308308308308
2298 2876 0 0 0.63963963964
2298 3458 0 0 0.508508508509
2298 2889 0 893 0.508508508509
2298 2904 0 0 0.655655655656
2298 2911 0 0 0.19019019019
2298 2914 0 0 0.229229229229
2853 2258 0 0 0.537537537538
2853 2831 0 24 0.23023023023
2853 2838 0 0 0.291291291291
2853 2844 0 0 0.324324324324
2853 4673 0 0 0.232232232232
2853 2298 0 0 0.151151151151
2853 1213 0 4 0.198198198198
2853 3843 0 1087 0.511511511512
2853 2864 0 7 0.651651651652
2853 3443 0 0 0.223223223223
2853 1871 0 0 0.288288288288
2853 2876 0 0 0.623623623624
2853 2904 0 0 0.263263263263
2853 4512 0 0 0.258258258258
2853 2911 0 0 0.339339339339
1213 2258 4 0 0.283283283283
1213 2266 4 0 0.265265265265
1213 2831 4 24 0.322322322322
1213 4711 4 0 0.168168168168
1213 2838 4 0 0.236236236236
1213 2844 4 0 0.162162162162
1213 4673 4 0 0.414414414414
1213 2298 4 0 0.177177177177
1213 2853 4 0 0.198198198198
1213 2857 4 0 0.263263263263
1213 3843 4 1087 0.168168168168
1213 2864 4 7 0.524524524525
1213 3443 4 0 0.441441441441
1213 1871 4 0 0.294294294294
1213 2876 4 0 0.312312312312
1213 3458 4 0 0.179179179179
1213 2889 4 893 0.232232232232
1213 2904 4 0 0.369369369369
1213 2911 4 0 0.235235235235
1213 2914 4 0 0.238238238238
2857 2258 0 0 0.174174174174
2857 2266 0 0 0.168168168168
2857 3737 0 0 0.165165165165
2857 2831 0 24 0.428428428428
2857 2838 0 0 0.274274274274
2857 2844 0 0 0.313313313313
2857 4673 0 0 0.17017017017
2857 2298 0 0 0.223223223223
2857 1213 0 4 0.263263263263
2857 2864 0 7 0.432432432432
2857 3443 0 0 0.16016016016
2857 2876 0 0 0.267267267267
2857 2889 0 893 0.168168168168
2857 2904 0 0 0.369369369369
2857 2911 0 0 0.168168168168
3843 2258 1087 0 0.469469469469
3843 3831 1087 0 0.56956956957
3843 2266 1087 0 0.168168168168
3843 2831 1087 24 0.621621621622
3843 4711 1087 0 0.271271271271
3843 2838 1087 0 0.308308308308
3843 2844 1087 0 0.168168168168
3843 4673 1087 0 0.177177177177
3843 2853 1087 0 0.511511511512
3843 1213 1087 4 0.168168168168
3843 2862 1087 0 0.227227227227
3843 2864 1087 7 1.0
3843 1871 1087 0 0.384384384384
3843 2876 1087 0 0.227227227227
3843 2889 1087 893 0.168168168168
3843 2904 1087 0 0.353353353353
3843 2911 1087 0 0.247247247247
2862 2258 0 0 0.399399399399
2862 2266 0 0 0.374374374374
2862 3737 0 0 0.271271271271
2862 2831 0 24 0.286286286286
2862 4711 0 0 0.294294294294
2862 2838 0 0 0.48048048048
2862 2842 0 394 0.319319319319
2862 2844 0 0 0.507507507508
2862 4673 0 0 0.168168168168
2862 2298 0 0 0.31031031031
2862 3843 0 1087 0.227227227227
2862 2864 0 7 0.647647647648
2862 1871 0 0 0.283283283283
2862 2876 0 0 0.172172172172
2862 3458 0 0 0.327327327327
2862 2889 0 893 0.294294294294
2862 2904 0 0 0.469469469469
2862 4512 0 0 0.171171171171
2862 2911 0 0 0.177177177177
2862 2914 0 0 0.312312312312
2864 2258 7 0 0.760760760761
2864 3831 7 0 0.621621621622
2864 2266 7 0 0.631631631632
2864 3737 7 0 0.408408408408
2864 2831 7 24 0.964964964965
2864 4711 7 0 0.288288288288
2864 2838 7 0 0.87987987988
2864 2842 7 394 0.831831831832
2864 2844 7 0 0.774774774775
2864 4673 7 0 0.563563563564
2864 2298 7 0 0.833833833834
2864 2853 7 0 0.651651651652
2864 1213 7 4 0.524524524525
2864 2857 7 0 0.432432432432
2864 3843 7 1087 1.0
2864 2862 7 0 0.647647647648
2864 3443 7 0 0.405405405405
2864 1871 7 0 0.823823823824
2864 2876 7 0 0.635635635636
2864 3458 7 0 0.746746746747
2864 2889 7 893 0.764764764765
2864 2904 7 0 0.891891891892
2864 4512 7 0 0.389389389389
2864 2911 7 0 0.825825825826
2864 2914 7 0 0.364364364364
3443 2258 0 0 0.316316316316
3443 2266 0 0 0.229229229229
3443 2838 0 0 0.308308308308
3443 2842 0 394 0.238238238238
3443 2844 0 0 0.243243243243
3443 4673 0 0 0.205205205205
3443 2853 0 0 0.223223223223
3443 1213 0 4 0.441441441441
3443 2857 0 0 0.16016016016
3443 2864 0 7 0.405405405405
3443 1871 0 0 0.286286286286
3443 2876 0 0 0.655655655656
3443 3458 0 0 0.229229229229
3443 2904 0 0 0.179179179179
3443 2911 0 0 0.316316316316
3443 2914 0 0 0.182182182182
1871 2258 0 0 0.798798798799
1871 2266 0 0 0.384384384384
1871 2831 0 24 0.657657657658
1871 2838 0 0 0.65965965966
1871 2842 0 394 0.268268268268
1871 2844 0 0 0.174174174174
1871 4673 0 0 0.167167167167
1871 2298 0 0 0.308308308308
1871 2853 0 0 0.288288288288
1871 1213 0 4 0.294294294294
1871 3843 0 1087 0.384384384384
1871 2862 0 0 0.283283283283
1871 2864 0 7 0.823823823824
1871 3443 0 0 0.286286286286
1871 2876 0 0 0.339339339339
1871 3458 0 0 0.623623623624
1871 2889 0 893 0.732732732733
1871 2904 0 0 0.647647647648
1871 2911 0 0 0.631631631632
1871 2914 0 0 0.319319319319
2876 2258 0 0 0.710710710711
2876 2266 0 0 0.267267267267
2876 2831 0 24 0.394394394394
2876 4711 0 0 0.179179179179
2876 2838 0 0 0.335335335335
2876 2842 0 394 0.154154154154
2876 2844 0 0 0.321321321321
2876 4673 0 0 0.274274274274
2876 2298 0 0 0.63963963964
2876 2853 0 0 0.623623623624
2876 1213 0 4 0.312312312312
2876 2857 0 0 0.267267267267
2876 3843 0 1087 0.227227227227
2876 2862 0 0 0.172172172172
2876 2864 0 7 0.635635635636
2876 3443 0 0 0.655655655656
2876 1871 0 0 0.339339339339
2876 3458 0 0 0.263263263263
2876 2904 0 0 0.235235235235
2876 4512 0 0 0.19019019019
2876 2911 0 0 0.343343343343
2876 2914 0 0 0.177177177177
3458 2258 0 0 0.291291291291
3458 2266 0 0 0.651651651652
3458 3737 0 0 0.322322322322
3458 2831 0 24 0.263263263263
3458 4711 0 0 0.168168168168
3458 2838 0 0 0.66966966967
3458 2842 0 394 0.530530530531
3458 2844 0 0 0.510510510511
3458 2298 0 0 0.508508508509
3458 1213 0 4 0.179179179179
3458 2862 0 0 0.327327327327
3458 2864 0 7 0.746746746747
3458 3443 0 0 0.229229229229
3458 1871 0 0 0.623623623624
3458 2876 0 0 0.263263263263
3458 2889 0 893 0.623623623624
3458 2904 0 0 0.631631631632
3458 2911 0 0 0.221221221221
3458 2914 0 0 0.358358358358
2889 2258 893 0 0.492492492492
2889 2266 893 0 0.343343343343
2889 3737 893 0 0.23023023023
2889 2831 893 24 0.449449449449
2889 2838 893 0 0.511511511512
2889 2842 893 394 0.64964964965
2889 2844 893 0 0.363363363363
2889 4673 893 0 0.151151151151
2889 2298 893 0 0.508508508509
2889 1213 893 4 0.232232232232
2889 2857 893 0 0.168168168168
2889 3843 893 1087 0.168168168168
2889 2862 893 0 0.294294294294
2889 2864 893 7 0.764764764765
2889 1871 893 0 0.732732732733
2889 3458 893 0 0.623623623624
2889 2904 893 0 0.817817817818
2889 2911 893 0 0.281281281281
4871 2266 0 0 0.179179179179
4871 2911 0 0 0.314314314314
2904 2258 0 0 0.492492492492
2904 2266 0 0 0.508508508509
2904 3737 0 0 0.312312312312
2904 2831 0 24 0.65965965966
2904 4711 0 0 0.272272272272
2904 2838 0 0 0.710710710711
2904 2842 0 394 0.524524524525
2904 2844 0 0 0.738738738739
2904 4673 0 0 0.283283283283
2904 2298 0 0 0.655655655656
2904 2853 0 0 0.263263263263
2904 1213 0 4 0.369369369369
2904 2857 0 0 0.369369369369
2904 3843 0 1087 0.353353353353
2904 2862 0 0 0.469469469469
2904 2864 0 7 0.891891891892
2904 3443 0 0 0.179179179179
2904 1871 0 0 0.647647647648
2904 2876 0 0 0.235235235235
2904 3458 0 0 0.631631631632
2904 2889 0 893 0.817817817818
2904 4512 0 0 0.23023023023
2904 2911 0 0 0.48048048048
2904 2914 0 0 0.238238238238
4512 3737 0 0 0.293293293293
4512 2831 0 24 0.308308308308
4512 4711 0 0 0.343343343343
4512 2838 0 0 0.258258258258
4512 2842 0 394 0.19019019019
4512 2844 0 0 0.273273273273
4512 2853 0 0 0.258258258258
4512 2862 0 0 0.171171171171
4512 2864 0 7 0.389389389389
4512 2876 0 0 0.19019019019
4512 2904 0 0 0.23023023023
4512 2911 0 0 0.353353353353
2911 2258 0 0 0.510510510511
2911 2266 0 0 0.411411411411
2911 3737 0 0 0.704704704705
2911 2831 0 24 0.369369369369
2911 4711 0 0 0.316316316316
2911 2838 0 0 0.408408408408
2911 2842 0 394 0.285285285285
2911 2844 0 0 0.294294294294
2911 4673 0 0 0.294294294294
2911 2298 0 0 0.19019019019
2911 2853 0 0 0.339339339339
2911 1213 0 4 0.235235235235
2911 2857 0 0 0.168168168168
2911 3843 0 1087 0.247247247247
2911 2862 0 0 0.177177177177
2911 2864 0 7 0.825825825826
2911 3443 0 0 0.316316316316
2911 1871 0 0 0.631631631632
2911 2876 0 0 0.343343343343
2911 3458 0 0 0.221221221221
2911 2889 0 893 0.281281281281
2911 4871 0 0 0.314314314314
2911 2904 0 0 0.48048048048
2911 4512 0 0 0.353353353353
2914 2258 0 0 0.252252252252
2914 2266 0 0 0.27027027027
2914 3737 0 0 0.172172172172
2914 2838 0 0 0.501501501502
2914 2842 0 394 0.188188188188
2914 2844 0 0 0.168168168168
2914 2298 0 0 0.229229229229
2914 1213 0 4 0.238238238238
2914 2862 0 0 0.312312312312
2914 2864 0 7 0.364364364364
2914 3443 0 0 0.182182182182
2914 1871 0 0 0.319319319319
2914 2876 0 0 0.177177177177
2914 3458 0 0 0.358358358358
2914 2904 0 0 0.238238238238
