2257 4291 0 0 0.28028028028
2257 1823 0 0 0.279279279279
2257 3834 0 0 0.623623623624
2257 465 0 0 0.738738738739
2257 4358 0 0 0.316316316316
2257 4604 0 0 0.752752752753
2257 4605 0 0 0.252252252252
2257 4606 0 0 0.238238238238
2257 4607 0 0 0.708708708709
2257 3654 0 0 0.615615615616
2257 4608 0 0 0.301301301301
2257 2887 0 0 0.745745745746
2257 1448 0 0 0.752752752753
2257 4611 0 0 0.708708708709
2257 2371 0 0 0.750750750751
4291 2257 0 0 0.28028028028
4291 1823 0 0 0.378378378378
4291 3834 0 0 0.706706706707
4291 465 0 0 0.752752752753
4291 4358 0 0 0.228228228228
4291 4604 0 0 0.756756756757
4291 4605 0 0 0.23023023023
4291 4606 0 0 0.279279279279
4291 4607 0 0 0.750750750751
4291 3654 0 0 0.656656656657
4291 4608 0 0 0.283283283283
4291 2887 0 0 0.750750750751
4291 1448 0 0 0.756756756757
4291 4611 0 0 0.750750750751
4291 2371 0 0 0.752752752753
1823 2257 0 0 0.279279279279
1823 4291 0 0 0.378378378378
1823 3834 0 0 0.235235235235
1823 465 0 0 0.357357357357
1823 4358 0 0 0.378378378378
1823 4604 0 0 0.378378378378
1823 4605 0 0 0.378378378378
1823 4606 0 0 0.391391391391
1823 4607 0 0 0.272272272272
1823 3654 0 0 0.226226226226
1823 4608 0 0 0.35035035035
1823 2887 0 0 0.403403403403
1823 1448 0 0 0.378378378378
1823 4611 0 0 0.272272272272
1823 2371 0 0 0.402402402402
3834 2257 0 0 0.623623623624
3834 4291 0 0 0.706706706707
3834 1823 0 0 0.235235235235
3834 465 0 0 0.706706706707
3834 4358 0 0 0.706706706707
3834 4604 0 0 0.706706706707
3834 4605 0 0 0.706706706707
3834 4606 0 0 0.750750750751
3834 4607 0 0 0.623623623624
3834 3654 0 0 0.56956956957
3834 4608 0 0 0.704704704705
3834 2887 0 0 0.702702702703
3834 1448 0 0 0.706706706707
3834 4611 0 0 0.621621621622
3834 2371 0 0 0.704704704705
465 2257 0 0 0.738738738739
465 4291 0 0 0.752752752753
465 1823 0 0 0.357357357357
465 3834 0 0 0.706706706707
465 4358 0 0 0.752752752753
465 4604 0 0 0.752752752753
465 4605 0 0 0.752752752753
465 4606 0 0 0.754754754755
465 4607 0 0 0.710710710711
465 3654 0 0 0.625625625626
465 4608 0 0 0.752752752753
465 2887 0 0 0.750750750751
465 1448 0 0 0.752752752753
465 4611 0 0 0.710710710711
465 2371 0 0 0.752752752753
4358 2257 0 0 0.316316316316
4358 4291 0 0 0.228228228228
4358 1823 0 0 0.378378378378
4358 3834 0 0 0.706706706707
4358 465 0 0 0.752752752753
4358 4604 0 0 0.756756756757
4358 4605 0 0 0.239239239239
4358 4606 0 0 0.279279279279
4358 4607 0 0 0.750750750751
4358 3654 0 0 0.651651651652
4358 4608 0 0 0.311311311311
4358 2887 0 0 0.750750750751
4358 1448 0 0 0.756756756757
4358 4611 0 0 0.750750750751
4358 2371 0 0 0.780780780781
4604 2257 0 0 0.752752752753
4604 4291 0 0 0.756756756757
4604 1823 0 0 0.378378378378
4604 3834 0 0 0.706706706707
4604 465 0 0 0.752752752753
4604 4358 0 0 0.756756756757
4604 4605 0 0 0.756756756757
4604 4606 0 0 0.403403403403
4604 4607 0 0 0.750750750751
4604 3654 0 0 0.625625625626
4604 4608 0 0 0.752752752753
4604 2887 0 0 0.750750750751
4604 1448 0 0 0.756756756757
4604 4611 0 0 0.222222222222
4604 2371 0 0 0.752752752753
4605 2257 0 0 0.252252252252
4605 4291 0 0 0.23023023023
4605 1823 0 0 0.378378378378
4605 3834 0 0 0.706706706707
4605 465 0 0 0.752752752753
4605 4358 0 0 0.239239239239
4605 4604 0 0 0.756756756757
4605 4606 0 0 0.279279279279
4605 4607 0 0 0.750750750751
4605 3654 0 0 0.625625625626
4605 4608 0 0 0.331331331331
4605 2887 0 0 0.750750750751
4605 1448 0 0 0.756756756757
4605 4611 0 0 0.750750750751
4605 2371 0 0 0.752752752753
4606 2257 0 0 0.238238238238
4606 4291 0 0 0.279279279279
4606 1823 0 0 0.391391391391
4606 3834 0 0 0.750750750751
4606 465 0 0 0.754754754755
4606 4358 0 0 0.279279279279
4606 4604 0 0 0.403403403403
4606 4605 0 0 0.279279279279
4606 4607 0 0 0.750750750751
4606 3654 0 0 0.704704704705
4606 4608 0 0 0.754754754755
4606 2887 0 0 0.754754754755
4606 1448 0 0 0.279279279279
4606 4611 0 0 0.774774774775
4606 2371 0 0 0.754754754755
4607 2257 0 0 0.708708708709
4607 4291 0 0 0.750750750751
4607 1823 0 0 0.272272272272
4607 3834 0 0 0.623623623624
4607 465 0 0 0.710710710711
4607 4358 0 0 0.750750750751
4607 4604 0 0 0.750750750751
4607 4605 0 0 0.750750750751
4607 4606 0 0 0.750750750751
4607 3654 0 0 0.710710710711
4607 4608 0 0 0.710710710711
4607 2887 0 0 0.708708708709
4607 1448 0 0 0.750750750751
4607 4611 0 0 0.851851851852
4607 2371 0 0 0.710710710711
3654 2257 0 0 0.615615615616
3654 4291 0 0 0.656656656657
3654 1823 0 0 0.226226226226
3654 3834 0 0 0.56956956957
3654 465 0 0 0.625625625626
3654 4358 0 0 0.651651651652
3654 4604 0 0 0.625625625626
3654 4605 0 0 0.625625625626
3654 4606 0 0 0.704704704705
3654 4607 0 0 0.710710710711
3654 4608 0 0 0.625625625626
3654 2887 0 0 0.621621621622
3654 1448 0 0 0.625625625626
3654 4611 0 0 0.708708708709
3654 2371 0 0 0.625625625626
4608 2257 0 0 0.301301301301
4608 4291 0 0 0.283283283283
4608 1823 0 0 0.35035035035
4608 3834 0 0 0.704704704705
4608 465 0 0 0.752752752753
4608 4358 0 0 0.311311311311
4608 4604 0 0 0.752752752753
4608 4605 0 0 0.331331331331
4608 4606 0 0 0.754754754755
4608 4607 0 0 0.710710710711
4608 3654 0 0 0.625625625626
4608 2887 0 0 0.750750750751
4608 1448 0 0 0.752752752753
4608 4611 0 0 0.708708708709
4608 2371 0 0 0.752752752753
2887 2257 0 0 0.745745745746
2887 4291 0 0 0.750750750751
2887 1823 0 0 0.403403403403
2887 3834 0 0 0.702702702703
2887 465 0 0 0.750750750751
2887 4358 0 0 0.750750750751
2887 4604 0 0 0.750750750751
2887 4605 0 0 0.750750750751
2887 4606 0 0 0.754754754755
2887 4607 0 0 0.708708708709
2887 3654 0 0 0.621621621622
2887 4608 0 0 0.750750750751
2887 1448 0 0 0.750750750751
2887 4611 0 0 0.708708708709
2887 2371 0 0 0.791791791792
1448 2257 0 0 0.752752752753
1448 4291 0 0 0.756756756757
1448 1823 0 0 0.378378378378
1448 3834 0 0 0.706706706707
1448 465 0 0 0.752752752753
1448 4358 0 0 0.756756756757
1448 4604 0 0 0.756756756757
1448 4605 0 0 0.756756756757
1448 4606 0 0 0.279279279279
1448 4607 0 0 0.750750750751
1448 3654 0 0 0.625625625626
1448 4608 0 0 0.752752752753
1448 2887 0 0 0.750750750751
1448 4611 0 0 0.750750750751
1448 2371 0 0 0.752752752753
4611 2257 0 0 0.708708708709
4611 4291 0 0 0.750750750751
4611 1823 0 0 0.272272272272
4611 3834 0 0 0.621621621622
4611 465 0 0 0.710710710711
4611 4358 0 0 0.750750750751
4611 4604 0 0 0.222222222222
4611 4605 0 0 0.750750750751
4611 4606 0 0 0.774774774775
4611 4607 0 0 0.851851851852
4611 3654 0 0 0.708708708709
4611 4608 0 0 0.708708708709
4611 2887 0 0 0.708708708709
4611 1448 0 0 0.750750750751
4611 2371 0 0 0.708708708709
2371 2257 0 0 0.750750750751
2371 4291 0 0 0.752752752753
2371 1823 0 0 0.402402402402
2371 3834 0 0 0.704704704705
2371 465 0 0 0.752752752753
2371 4358 0 0 0.780780780781
2371 4604 0 0 0.752752752753
2371 4605 0 0 0.752752752753
2371 4606 0 0 0.754754754755
2371 4607 0 0 0.710710710711
2371 3654 0 0 0.625625625626
2371 4608 0 0 0.752752752753
2371 2887 0 0 0.791791791792
2371 1448 0 0 0.752752752753
2371 4611 0 0 0.708708708709
