1903 2805 0 715 0.168168168168
1903 2268 0 810 0.746746746747
1903 810 0 0 0.168168168168
1903 3685 0 0 0.229229229229
1903 2286 0 0 0.343343343343
1903 2289 0 0 0.177177177177
1903 764 0 0 0.279279279279
1903 667 0 269 0.52952952953
1903 2324 0 0 0.428428428428
2259 721 0 0 0.308308308308
2259 2805 0 715 0.168168168168
2259 2268 0 810 0.815815815816
2259 810 0 0 0.308308308308
2259 2279 0 0 0.286286286286
2259 3685 0 0 0.726726726727
2259 2286 0 0 0.661661661662
2259 2289 0 0 0.157157157157
2259 667 0 269 0.168168168168
2259 2324 0 0 0.710710710711
721 2259 0 0 0.308308308308
721 2805 0 715 0.273273273273
721 2268 0 810 0.728728728729
721 810 0 0 0.252252252252
721 2279 0 0 0.327327327327
721 3685 0 0 0.223223223223
721 2286 0 0 0.223223223223
721 2301 0 0 0.291291291291
721 764 0 0 0.631631631632
721 667 0 269 0.316316316316
721 2324 0 0 0.318318318318
721 774 0 0 0.31031031031
721 2359 0 0 0.168168168168
2805 1903 715 0 0.168168168168
2805 2259 715 0 0.168168168168
2805 721 715 0 0.273273273273
2805 2268 715 810 0.821821821822
2805 810 715 0 0.756756756757
2805 2289 715 0 0.458458458458
2805 667 715 269 0.281281281281
2805 2324 715 0 0.19019019019
2805 774 715 0 0.223223223223
2805 2359 715 0 0.17017017017
2268 1903 810 0 0.746746746747
2268 2259 810 0 0.815815815816
2268 721 810 0 0.728728728729
2268 2805 810 715 0.821821821822
2268 810 810 0 0.87987987988
2268 2279 810 0 0.347347347347
2268 3685 810 0 0.764764764765
2268 2286 810 0 0.708708708709
2268 2289 810 0 0.893893893894
2268 2301 810 0 0.710710710711
2268 764 810 0 0.657657657658
2268 667 810 269 0.962962962963
2268 2324 810 0 0.904904904905
2268 774 810 0 0.774774774775
2268 4733 810 0 0.179179179179
2268 2359 810 0 0.48048048048
810 1903 0 0 0.168168168168
810 2259 0 0 0.308308308308
810 721 0 0 0.252252252252
810 2805 0 715 0.756756756757
810 2268 0 810 0.87987987988
810 2279 0 0 0.347347347347
810 3685 0 0 0.151151151151
810 2286 0 0 0.224224224224
810 2289 0 0 0.746746746747
810 2301 0 0 0.277277277277
810 764 0 0 0.198198198198
810 667 0 269 0.428428428428
810 2324 0 0 0.48048048048
810 774 0 0 0.633633633634
810 2359 0 0 0.268268268268
2279 2259 0 0 0.286286286286
2279 721 0 0 0.327327327327
2279 2268 0 810 0.347347347347
2279 810 0 0 0.347347347347
2279 2286 0 0 0.168168168168
2279 2289 0 0 0.294294294294
2279 764 0 0 0.17017017017
2279 667 0 269 0.157157157157
2279 774 0 0 0.223223223223
3685 1903 0 0 0.229229229229
3685 2259 0 0 0.726726726727
3685 721 0 0 0.223223223223
3685 2268 0 810 0.764764764765
3685 810 0 0 0.151151151151
3685 667 0 269 0.577577577578
3685 2324 0 0 0.435435435435
2286 1903 0 0 0.343343343343
2286 2259 0 0 0.661661661662
2286 721 0 0 0.223223223223
2286 2268 0 810 0.708708708709
2286 810 0 0 0.224224224224
2286 2279 0 0 0.168168168168
2286 2289 0 0 0.258258258258
2286 764 0 0 0.224224224224
2286 667 0 269 0.177177177177
2286 2324 0 0 0.353353353353
2286 774 0 0 0.224224224224
2289 1903 0 0 0.177177177177
2289 2259 0 0 0.157157157157
2289 2805 0 715 0.458458458458
2289 2268 0 810 0.893893893894
2289 810 0 0 0.746746746747
2289 2279 0 0 0.294294294294
2289 2286 0 0 0.258258258258
2289 2301 0 0 0.224224224224
2289 764 0 0 0.394394394394
2289 667 0 269 0.764764764765
2289 2324 0 0 0.167167167167
2289 774 0 0 0.665665665666
2289 2359 0 0 0.49049049049
2301 721 0 0 0.291291291291
2301 2268 0 810 0.710710710711
2301 810 0 0 0.277277277277
2301 2289 0 0 0.224224224224
2301 764 0 0 0.496496496496
2301 667 0 269 0.627627627628
2301 2324 0 0 0.177177177177
2301 774 0 0 0.173173173173
2301 2359 0 0 0.172172172172
764 1903 0 0 0.279279279279
764 721 0 0 0.631631631632
764 2268 0 810 0.657657657658
764 810 0 0 0.198198198198
764 2279 0 0 0.17017017017
764 2286 0 0 0.224224224224
764 2289 0 0 0.394394394394
764 2301 0 0 0.496496496496
764 667 0 269 0.647647647648
764 2324 0 0 0.224224224224
764 774 0 0 0.274274274274
764 2359 0 0 0.172172172172
667 1903 269 0 0.52952952953
667 2259 269 0 0.168168168168
667 721 269 0 0.316316316316
667 2805 269 715 0.281281281281
667 2268 269 810 0.962962962963
667 810 269 0 0.428428428428
667 2279 269 0 0.157157157157
667 3685 269 0 0.577577577578
667 2286 269 0 0.177177177177
667 2289 269 0 0.764764764765
667 2301 269 0 0.627627627628
667 764 269 0 0.647647647648
667 2324 269 0 0.563563563564
667 774 269 0 0.363363363363
667 2359 269 0 0.252252252252
2324 1903 0 0 0.428428428428
2324 2259 0 0 0.710710710711
2324 721 0 0 0.318318318318
2324 2805 0 715 0.19019019019
2324 2268 0 810 0.904904904905
2324 810 0 0 0.48048048048
2324 3685 0 0 0.435435435435
2324 2286 0 0 0.353353353353
2324 2289 0 0 0.167167167167
2324 2301 0 0 0.177177177177
2324 764 0 0 0.224224224224
2324 667 0 269 0.563563563564
774 721 0 0 0.31031031031
774 2805 0 715 0.223223223223
774 2268 0 810 0.774774774775
774 810 0 0 0.633633633634
774 2279 0 0 0.223223223223
774 2286 0 0 0.224224224224
774 2289 0 0 0.665665665666
774 2301 0 0 0.173173173173
774 764 0 0 0.274274274274
774 667 0 269 0.363363363363
774 4733 0 0 0.168168168168
774 2359 0 0 0.327327327327
4733 2268 0 810 0.179179179179
4733 774 0 0 0.168168168168
4733 2359 0 0 0.369369369369
2359 721 0 0 0.168168168168
2359 2805 0 715 0.17017017017
2359 2268 0 810 0.48048048048
2359 810 0 0 0.268268268268
2359 2289 0 0 0.49049049049
2359 2301 0 0 0.172172172172
2359 764 0 0 0.172172172172
2359 667 0 269 0.252252252252
2359 774 0 0 0.327327327327
2359 4733 0 0 0.369369369369
