96 98 0 41 0.98998998999
96 116 0 0 0.962962962963
96 117 0 46 0.90990990991
96 119 0 48 0.96996996997
96 124 0 0 0.983983983984
96 131 0 0 0.935935935936
96 138 0 0 0.720720720721
96 151 0 57 0.925925925926
96 160 0 0 0.936936936937
96 176 0 0 0.968968968969
96 183 0 0 0.954954954955
96 186 0 0 0.983983983984
96 194 0 0 0.964964964965
96 197 0 0 0.968968968969
96 220 0 46 0.931931931932
96 223 0 0 0.755755755756
96 232 0 0 0.985985985986
96 235 0 0 0.981981981982
96 239 0 0 0.948948948949
96 246 0 92 0.864864864865
96 252 0 92 0.864864864865
98 96 41 0 0.98998998999
98 116 41 0 0.951951951952
98 117 41 46 0.911911911912
98 119 41 48 0.960960960961
98 124 41 0 0.922922922923
98 131 41 0 0.91991991992
98 138 41 0 0.782782782783
98 151 41 57 0.877877877878
98 160 41 0 0.90990990991
98 176 41 0 0.953953953954
98 183 41 0 0.944944944945
98 186 41 0 0.964964964965
98 194 41 0 0.994994994995
98 197 41 0 0.996996996997
98 220 41 46 0.915915915916
98 223 41 0 0.695695695696
98 232 41 0 0.977977977978
98 235 41 0 0.940940940941
98 239 41 0 0.942942942943
98 246 41 92 0.865865865866
98 252 41 92 0.865865865866
116 96 0 0 0.962962962963
116 98 0 41 0.951951951952
116 117 0 46 0.912912912913
116 119 0 48 0.982982982983
116 124 0 0 0.997997997998
116 131 0 0 0.91991991992
116 138 0 0 0.720720720721
116 151 0 57 0.934934934935
116 160 0 0 0.970970970971
116 176 0 0 0.996996996997
116 183 0 0 0.968968968969
116 186 0 0 0.981981981982
116 194 0 0 0.917917917918
116 197 0 0 0.977977977978
116 220 0 46 0.923923923924
116 223 0 0 0.491491491491
116 232 0 0 0.990990990991
116 235 0 0 0.972972972973
116 239 0 0 0.953953953954
116 246 0 92 0.865865865866
116 252 0 92 0.865865865866
117 96 46 0 0.90990990991
117 98 46 41 0.911911911912
117 116 46 0 0.912912912913
117 119 46 48 0.8998998999
117 124 46 0 0.917917917918
117 131 46 0 0.91991991992
117 138 46 0 0.720720720721
117 151 46 57 0.750750750751
117 160 46 0 0.957957957958
117 176 46 0 0.918918918919
117 183 46 0 0.900900900901
117 186 46 0 0.900900900901
117 194 46 0 0.8998998999
117 197 46 0 0.905905905906
117 220 46 46 0.931931931932
117 223 46 0 0.36036036036
117 232 46 0 0.911911911912
117 235 46 0 0.917917917918
117 239 46 0 0.902902902903
117 246 46 92 0.727727727728
117 252 46 92 0.727727727728
119 96 48 0 0.96996996997
119 98 48 41 0.960960960961
119 116 48 0 0.982982982983
119 117 48 46 0.8998998999
119 124 48 0 0.996996996997
119 131 48 0 0.981981981982
119 138 48 0 0.732732732733
119 151 48 57 0.933933933934
119 160 48 0 0.971971971972
119 176 48 0 0.980980980981
119 183 48 0 0.962962962963
119 186 48 0 0.98998998999
119 194 48 0 0.967967967968
119 197 48 0 0.987987987988
119 220 48 46 0.90990990991
119 223 48 0 0.725725725726
119 232 48 0 0.973973973974
119 235 48 0 0.92992992993
119 239 48 0 0.980980980981
119 246 48 92 0.865865865866
119 252 48 92 0.865865865866
124 96 0 0 0.983983983984
124 98 0 41 0.922922922923
124 116 0 0 0.997997997998
124 117 0 46 0.917917917918
124 119 0 48 0.996996996997
124 131 0 0 0.983983983984
124 138 0 0 0.720720720721
124 151 0 57 0.911911911912
124 160 0 0 0.931931931932
124 176 0 0 0.998998998999
124 183 0 0 0.956956956957
124 186 0 0 0.956956956957
124 194 0 0 0.974974974975
124 197 0 0 0.984984984985
124 220 0 46 0.8998998999
124 223 0 0 0.73973973974
124 232 0 0 0.994994994995
124 235 0 0 0.983983983984
124 239 0 0 0.982982982983
124 246 0 92 0.865865865866
124 252 0 92 0.865865865866
131 96 0 0 0.935935935936
131 98 0 41 0.91991991992
131 116 0 0 0.91991991992
131 117 0 46 0.91991991992
131 119 0 48 0.981981981982
131 124 0 0 0.983983983984
131 138 0 0 0.720720720721
131 151 0 57 0.963963963964
131 160 0 0 0.964964964965
131 176 0 0 0.981981981982
131 183 0 0 0.971971971972
131 186 0 0 0.966966966967
131 194 0 0 0.972972972973
131 197 0 0 0.976976976977
131 220 0 46 0.905905905906
131 223 0 0 0.778778778779
131 232 0 0 0.988988988989
131 235 0 0 0.976976976977
131 239 0 0 0.970970970971
131 246 0 92 0.864864864865
131 252 0 92 0.864864864865
138 96 0 0 0.720720720721
138 98 0 41 0.782782782783
138 116 0 0 0.720720720721
138 117 0 46 0.720720720721
138 119 0 48 0.732732732733
138 124 0 0 0.720720720721
138 131 0 0 0.720720720721
138 151 0 57 0.720720720721
138 160 0 0 0.720720720721
138 176 0 0 0.720720720721
138 183 0 0 0.720720720721
138 186 0 0 0.767767767768
138 194 0 0 0.720720720721
138 197 0 0 0.720720720721
138 220 0 46 0.720720720721
138 223 0 0 0.36036036036
138 232 0 0 0.720720720721
138 235 0 0 0.720720720721
138 239 0 0 0.720720720721
138 246 0 92 0.720720720721
138 252 0 92 0.720720720721
151 96 57 0 0.925925925926
151 98 57 41 0.877877877878
151 116 57 0 0.934934934935
151 117 57 46 0.750750750751
151 119 57 48 0.933933933934
151 124 57 0 0.911911911912
151 131 57 0 0.963963963964
151 138 57 0 0.720720720721
151 160 57 0 0.74974974975
151 176 57 0 0.963963963964
151 183 57 0 0.951951951952
151 186 57 0 0.958958958959
151 194 57 0 0.934934934935
151 197 57 0 0.96996996997
151 220 57 46 0.740740740741
151 223 57 0 0.762762762763
151 232 57 0 0.96996996997
151 235 57 0 0.934934934935
151 239 57 0 0.946946946947
151 246 57 92 0.864864864865
151 252 57 92 0.864864864865
160 96 0 0 0.936936936937
160 98 0 41 0.90990990991
160 116 0 0 0.970970970971
160 117 0 46 0.957957957958
160 119 0 48 0.971971971972
160 124 0 0 0.931931931932
160 131 0 0 0.964964964965
160 138 0 0 0.720720720721
160 151 0 57 0.74974974975
160 176 0 0 0.960960960961
160 183 0 0 0.918918918919
160 186 0 0 0.931931931932
160 194 0 0 0.901901901902
160 197 0 0 0.900900900901
160 220 0 46 0.940940940941
160 223 0 0 0.36036036036
160 232 0 0 0.918918918919
160 235 0 0 0.940940940941
160 239 0 0 0.902902902903
160 246 0 92 0.720720720721
160 252 0 92 0.720720720721
176 96 0 0 0.968968968969
176 98 0 41 0.953953953954
176 116 0 0 0.996996996997
176 117 0 46 0.918918918919
176 119 0 48 0.980980980981
176 124 0 0 0.998998998999
176 131 0 0 0.981981981982
176 138 0 0 0.720720720721
176 151 0 57 0.963963963964
176 160 0 0 0.960960960961
176 183 0 0 0.97997997998
176 186 0 0 0.955955955956
176 194 0 0 0.956956956957
176 197 0 0 0.988988988989
176 220 0 46 0.933933933934
176 223 0 0 0.684684684685
176 232 0 0 0.994994994995
176 235 0 0 0.988988988989
176 239 0 0 0.975975975976
176 246 0 92 0.865865865866
176 252 0 92 0.865865865866
183 96 0 0 0.954954954955
183 98 0 41 0.944944944945
183 116 0 0 0.968968968969
183 117 0 46 0.900900900901
183 119 0 48 0.962962962963
183 124 0 0 0.956956956957
183 131 0 0 0.971971971972
183 138 0 0 0.720720720721
183 151 0 57 0.951951951952
183 160 0 0 0.918918918919
183 176 0 0 0.97997997998
183 186 0 0 0.942942942943
183 194 0 0 0.908908908909
183 197 0 0 0.944944944945
183 220 0 46 0.902902902903
183 223 0 0 0.36036036036
183 232 0 0 0.980980980981
183 235 0 0 0.957957957958
183 239 0 0 0.971971971972
183 246 0 92 0.720720720721
183 252 0 92 0.720720720721
186 96 0 0 0.983983983984
186 98 0 41 0.964964964965
186 116 0 0 0.981981981982
186 117 0 46 0.900900900901
186 119 0 48 0.98998998999
186 124 0 0 0.956956956957
186 131 0 0 0.966966966967
186 138 0 0 0.767767767768
186 151 0 57 0.958958958959
186 160 0 0 0.931931931932
186 176 0 0 0.955955955956
186 183 0 0 0.942942942943
186 194 0 0 0.910910910911
186 197 0 0 0.95995995996
186 220 0 46 0.904904904905
186 223 0 0 0.471471471471
186 232 0 0 0.964964964965
186 235 0 0 0.940940940941
186 239 0 0 0.971971971972
186 246 0 92 0.865865865866
186 252 0 92 0.865865865866
194 96 0 0 0.964964964965
194 98 0 41 0.994994994995
194 116 0 0 0.917917917918
194 117 0 46 0.8998998999
194 119 0 48 0.967967967968
194 124 0 0 0.974974974975
194 131 0 0 0.972972972973
194 138 0 0 0.720720720721
194 151 0 57 0.934934934935
194 160 0 0 0.901901901902
194 176 0 0 0.956956956957
194 183 0 0 0.908908908909
194 186 0 0 0.910910910911
194 197 0 0 0.998998998999
194 220 0 46 0.974974974975
194 223 0 0 0.941941941942
194 232 0 0 0.965965965966
194 235 0 0 0.941941941942
194 239 0 0 0.976976976977
194 246 0 92 0.720720720721
194 252 0 92 0.720720720721
197 96 0 0 0.968968968969
197 98 0 41 0.996996996997
197 116 0 0 0.977977977978
197 117 0 46 0.905905905906
197 119 0 48 0.987987987988
197 124 0 0 0.984984984985
197 131 0 0 0.976976976977
197 138 0 0 0.720720720721
197 151 0 57 0.96996996997
197 160 0 0 0.900900900901
197 176 0 0 0.988988988989
197 183 0 0 0.944944944945
197 186 0 0 0.95995995996
197 194 0 0 0.998998998999
197 220 0 46 0.950950950951
197 223 0 0 0.924924924925
197 232 0 0 0.987987987988
197 235 0 0 0.915915915916
197 239 0 0 0.990990990991
197 246 0 92 0.873873873874
197 252 0 92 0.873873873874
220 96 46 0 0.931931931932
220 98 46 41 0.915915915916
220 116 46 0 0.923923923924
220 117 46 46 0.931931931932
220 119 46 48 0.90990990991
220 124 46 0 0.8998998999
220 131 46 0 0.905905905906
220 138 46 0 0.720720720721
220 151 46 57 0.740740740741
220 160 46 0 0.940940940941
220 176 46 0 0.933933933934
220 183 46 0 0.902902902903
220 186 46 0 0.904904904905
220 194 46 0 0.974974974975
220 197 46 0 0.950950950951
220 223 46 0 0.903903903904
220 232 46 0 0.901901901902
220 235 46 0 0.956956956957
220 239 46 0 0.8998998999
220 246 46 92 0.844844844845
220 252 46 92 0.844844844845
223 96 0 0 0.755755755756
223 98 0 41 0.695695695696
223 116 0 0 0.491491491491
223 117 0 46 0.36036036036
223 119 0 48 0.725725725726
223 124 0 0 0.73973973974
223 131 0 0 0.778778778779
223 138 0 0 0.36036036036
223 151 0 57 0.762762762763
223 160 0 0 0.36036036036
223 176 0 0 0.684684684685
223 183 0 0 0.36036036036
223 186 0 0 0.471471471471
223 194 0 0 0.941941941942
223 197 0 0 0.924924924925
223 220 0 46 0.903903903904
223 232 0 0 0.80980980981
223 235 0 0 0.741741741742
223 239 0 0 0.781781781782
223 246 0 92 0.691691691692
223 252 0 92 0.691691691692
232 96 0 0 0.985985985986
232 98 0 41 0.977977977978
232 116 0 0 0.990990990991
232 117 0 46 0.911911911912
232 119 0 48 0.973973973974
232 124 0 0 0.994994994995
232 131 0 0 0.988988988989
232 138 0 0 0.720720720721
232 151 0 57 0.96996996997
232 160 0 0 0.918918918919
232 176 0 0 0.994994994995
232 183 0 0 0.980980980981
232 186 0 0 0.964964964965
232 194 0 0 0.965965965966
232 197 0 0 0.987987987988
232 220 0 46 0.901901901902
232 223 0 0 0.80980980981
232 235 0 0 0.976976976977
232 239 0 0 0.98998998999
232 246 0 92 0.864864864865
232 252 0 92 0.864864864865
235 96 0 0 0.981981981982
235 98 0 41 0.940940940941
235 116 0 0 0.972972972973
235 117 0 46 0.917917917918
235 119 0 48 0.92992992993
235 124 0 0 0.983983983984
235 131 0 0 0.976976976977
235 138 0 0 0.720720720721
235 151 0 57 0.934934934935
235 160 0 0 0.940940940941
235 176 0 0 0.988988988989
235 183 0 0 0.957957957958
235 186 0 0 0.940940940941
235 194 0 0 0.941941941942
235 197 0 0 0.915915915916
235 220 0 46 0.956956956957
235 223 0 0 0.741741741742
235 232 0 0 0.976976976977
235 239 0 0 0.936936936937
235 246 0 92 0.720720720721
235 252 0 92 0.720720720721
239 96 0 0 0.948948948949
239 98 0 41 0.942942942943
239 116 0 0 0.953953953954
239 117 0 46 0.902902902903
239 119 0 48 0.980980980981
239 124 0 0 0.982982982983
239 131 0 0 0.970970970971
239 138 0 0 0.720720720721
239 151 0 57 0.946946946947
239 160 0 0 0.902902902903
239 176 0 0 0.975975975976
239 183 0 0 0.971971971972
239 186 0 0 0.971971971972
239 194 0 0 0.976976976977
239 197 0 0 0.990990990991
239 220 0 46 0.8998998999
239 223 0 0 0.781781781782
239 232 0 0 0.98998998999
239 235 0 0 0.936936936937
239 246 0 92 0.865865865866
239 252 0 92 0.865865865866
246 96 92 0 0.864864864865
246 98 92 41 0.865865865866
246 116 92 0 0.865865865866
246 117 92 46 0.727727727728
246 119 92 48 0.865865865866
246 124 92 0 0.865865865866
246 131 92 0 0.864864864865
246 138 92 0 0.720720720721
246 151 92 57 0.864864864865
246 160 92 0 0.720720720721
246 176 92 0 0.865865865866
246 183 92 0 0.720720720721
246 186 92 0 0.865865865866
246 194 92 0 0.720720720721
246 197 92 0 0.873873873874
246 220 92 46 0.844844844845
246 223 92 0 0.691691691692
246 232 92 0 0.864864864865
246 235 92 0 0.720720720721
246 239 92 0 0.865865865866
246 252 92 92 0.720720720721
252 96 92 0 0.864864864865
252 98 92 41 0.865865865866
252 116 92 0 0.865865865866
252 117 92 46 0.727727727728
252 119 92 48 0.865865865866
252 124 92 0 0.865865865866
252 131 92 0 0.864864864865
252 138 92 0 0.720720720721
252 151 92 57 0.864864864865
252 160 92 0 0.720720720721
252 176 92 0 0.865865865866
252 183 92 0 0.720720720721
252 186 92 0 0.865865865866
252 194 92 0 0.720720720721
252 197 92 0 0.873873873874
252 220 92 46 0.844844844845
252 223 92 0 0.691691691692
252 232 92 0 0.864864864865
252 235 92 0 0.720720720721
252 239 92 0 0.865865865866
252 246 92 92 0.720720720721
